0 1 2 3
1 1 3 9
2 1 2 7
3 8 2
4 8 1 2
5 7 2 1
6 1 3 7
7 8 2
8 8 2
9 1 18 7 9
10 6 11
11 6 11 7
12 4 6 7
13 10 1 8 4 2
14 0 10 2 7
15 2 7 4 11 6
16 2 6 11 7
17 1 4 7
18 1 3 6
19 0 1 2
20 1 8
21 4 5 0 13
22 1 16 7
23 1 16 7
24 1 16 7
25 1 4
26 2 1 7
27 2 1 7
28 2 1 7
29 4 12 6 7
30 4 14 3 7
31 11 15 7
32 7 2 11
33 0 2 1
34 6 18 7
35 6 7
36 7 6
37 6 7
38 16 7
39 6 1 7 8 2
40 1 7
41 2 7 4
42 6 11 7
43 6 11 7
44 4 2 17
45 
46 3 4 2
47 2 16 7
48 10 2 0
49 13 10
50 2 10 7
51 10 2 7
52 1 2
53 1 2
54 1 4 2
55 1 2 17
56 4 2 7
57 8 10 2
58 1 2 8 3
59 7 16 1
60 1 7 16
61 6 7
62 16 7
63 0 2
64 0 2 1
65 3 14
66 2 6 15
67 6 15 13
68 2 6 15
69 5 2 0
70 5 6 7
71 5 4 2 14 7
72 5 0 10 7
73 1 7 6
74 6 1
75 6 7
76 1 7 12
77 2 16 7
78 4 0 5
79 10 2 0 1
80 4 7 16
81 2 16 7
82 2 1 7
83 1 2 4
84 1 2 4
85 1 2
86 1 4 17
87 4 1 2 5 7
88 2 7 1
89 16 7
90 2 1 7
91 0 1 7
92 2 1 7 0
93 0 10 1 2
94 0 10 1 2
95 4 3 2
96 1 2 4
97 10 1 2
98 1 3 4 7
99 1 2 3
100 7 1 5
101 0 2 1
102 0 7 1 10
103 2 16 7
104 2 16 7
105 7 1 4 5
106 6 7 8
107 4 6 11
108 1 9 2
109 1 7 16
110 1 2 8
111 2 7 11 6
112 7 5 12 11
113 13 2
114 6 1 7
115 2 1 7
116 9 1 15
117 0 5 1 2
118 5 2 0
119 1 4 13 7
120 1 4 3 2
121 1 3 2
122 1 2 3
123 1 7 2
124 1 4 12
125 1 2 9
126 1 2 4
127 1 2 9 3
128 9 1 2
129 1 2 12
130 1 2 9
131 1 2 15
132 1 2 0
133 6 7 16
134 3 4 1
135 1 2 12
136 6 7
137 0 1 2
138 2 7 16
139 1 3 14
140 1 3 4
141 1 3 2 18
142 1 2 6 7 17
143 1 4 2
144 1 2 8
145 1 3 2 4
146 7 2 0
147 2 1 7
148 1 4 8 5
149 1 7 6
150 1 2 8
151 1 2 7
152 3 1 7
153 2 1 7
154 2 1 7
155 1 2 7
156 2 16 7
157 16 7
158 2 1 0
159 1 2 0
160 1 2
161 0 5 7
162 0 5 4
163 0 2 1 5
164 0 1 5 13
165 1 2 7
166 1 2 3 9
167 3 4 2
168 3 1 14
169 14 6 7
170 14 6 7
171 2 14 0
172 14 3 6
173 16 15 7
174 4 1 7
175 8 2
176 8 2 1
177 1 7 6
178 4 7 6
179 6 7 2
180 19 15 7 6
181 7 11 4
182 1 2 7
183 14 3 7
184 14 6 5
185 15 9 1 7
186 1 3 2
187 1 2 7
188 12 7 14
189 8 18 2
190 8 18 7
191 8 2
192 18 7
193 2 1 7
194 7 1 5 2
195 4 15 7
196 16 7 12
197 8 7
198 1 7 4 2
199 2 1 7
200 2 1 7
201 8 18
202 1 8 2
203 1 2 7
204 2 7 1
205 2 10 0 7
206 1 7 2 3
207 1 5 7
208 7 1 4
209 7 1 4 5 16
210 16 7 2
211 8 19
212 8 5 7
213 8 7
214 8 18 2 6
215 8 18 7
216 1 2
217 1 7 2
218 1 17
219 16 7 2
220 6 11 7
221 4 16 7
222 4 1 3
223 12 4 6 14 7
224 1 8 13
225 2 0 1
226 1 2 9 0
227 1 2 10
228 1 4 2
229 1 6
230 14 3 7
231 14 7
232 1 2 7
233 2 1
234 2 1 0
235 1 9
236 1 2
237 1 2 0
238 1 2 7
239 2 1 7
240 1 3 7
241 9 0 13
242 14 3
243 5 14 7 3
244 3 7 1
245 3 1 7
246 3 14
247 7 8
248 19 13 8
249 19 8 7
250 7 6 2 14
251 1 3 7 8
252 1 3 8
253 1 7 16
254 2 7
255 1 8 2
256 12 7 17
257 1 2 3
258 4 7 12
259 6 7
260 6 15 13
261 6 8
262 1 6
263 1 2 17
264 1 2 7
265 5 1 7
266 0 2 1
267 1 10 2
268 8 2
269 1 9 2
270 1 7 2
271 1 4 2
272 1 2 7
273 14 6 3
274 14 6 3 5
275 4 3 16 1
276 4 3 14
277 5 8
278 14 6
279 14 7
280 14 6 7
281 5 4 7
282 5 4 1 3
283 5 6 7
284 5 7 3 4
285 5 7 6
286 5 1 4 3
287 7 6 13
288 6 7
289 6 7
290 1 9 2
291 0 2 1
292 6 11 7
293 4 6 11 5
294 12 7 11
295 7
296 7 4
297 7 4 16
298 5 7 1
299 5 6 11
300 7 12 6
301 2 1 3
302 1 2 3
303 1 2 3 9
304 1 3 2
305 1 2
306 1 9
307 1 12 4
308 1 3 2 18
309 12 7 6
310 7 4 2
311 4 6 14
312 2 16 7
313 2 14 4 3
314 7 6
315 12 18 7 6
316 3 7 12
317 3 5 1
318 1 3 2
319 4 3 1
320 6 7 2
321 7 6 4
322 16 7
323 1 2 8
324 6 7 0
325 6 7 10
326 4 1 18
327 1 2 3
328 6 7 1
329 1 9 8
330 7
331 16 7
332 16 7
333 16 7
334 1 2 7
335 1 8 7
336 0 1
337 6 11 7 4
338 3 1
339 1 2 5
340 4 12 7
341 4 7 12 9
342 1 2
343 12 11 6 7
344 1 4 8
345 16 7 2
346 3 4 1
347 1 2 3
348 7 14 16
349 4 3 14 7
350 7 6 18
351 1 18 2 7
352 3 1 2
353 3 1 7
354 1 3 7
355 7 13 16
356 13 16 7
357 6 0 7
358 7 6
359 6 2 7
360 1 2 0
361 1 2 0
362 1 2 0
363 1 2 0
364 4 6 7
365 4 3 7
366 12 11 17 7
367 4 2 1
368 8
369 4 1 3 2
370 4 1 9 7
371 1 2 7
372 3 4 1
373 4 3
374 8
375 4 6 7
376 4 6 7
377 4 6 7
378 13 6 15
379 4 1 6 8 18
380 4 1 7
381 16 7
382 16 7
383 16 7 3
384 16 7 8
385 1 3 18 13
386 7 16
387 3 1 4 7 2
388 0 6 7
389 2 7 0 4
390 5 3 2
391 3 4 1
392 4 3 1
393 2 3 1
394 1 3 7
395 16 7 12
396 1 3 9
397 3 1 4
398 4 1 7 17
399 3 1
400 1 3 4
401 2 7 6 11
402 4 11 6
403 2 1 3 18
404 3 1 2
405 3 1 2
406 3 1 2
407 3 7 14
408 4 6 7
409 7 2
410 1 2 7
411 6 4 5
412 6 4 7
413 3 8 1
414 5 0
415 5 4 7
416 8 7 2
417 4 2 11 12
418 4 6 7 16
419 4 16 7
420 4 6 16
421 2 1 0
422 2 7 8
423 6 7
424 6 18 7
425 6 11 7
426 6 11 4 7
427 6 11 7 4
428 8 7 6
429 4 16 7
430 1 3 7 2
431 1 3 2
432 5 4 7 0
433 4 6 7 11
434 6 7 15
435 6 15
436 2 6 7
437 2 6 7
438 8 1 2
439 10 2 7 1
440 7 2 8 1 5
441 2 10 1
442 8 18 2
443 7 4 12
444 7 1 6
445 7 4 1 5
446 7 6 2
447 1 2 8
448 1 2 7
449 1 12 4
450 0 2 1
451 1 13 19 7
452 10 0 1 7
453 1 2 9
454 9 1 3
455 3 4 1 7
456 8 2 7
457 0 1 2
458 7 17 2
459 2 4 6
460 4 11 12 17
461 1 3 2
462 1 2 3
463 12 13
464 12 17 7
465 12 4 17
466 4 1 7 2
467 4 7 1 2
468 1 2 3
469 0 2 1
470 2 7 1
471 1 3 0
472 1 3 2
473 1 2 7
474 1 2 7
475 9 15 1
476 9 1 15
477 4 2 7
478 4 2 7
479 3 14 7
480 1 2
481 16 7
482 16 7
483 16 7
484 16 7
485 16 7
486 16 7
487 16 7
488 16 7
489 3 4 1
490 19 7 15
491 4 12 11
492 7 3 1
493 1 7 2
494 12 4 11
495 2 12 17
496 14 3 6
497 4 8 6
498 3 7 4
499 3 1 7
500 1 3 7
501 1 3 2
502 4 12 7
503 3 1 7
504 3 1 2
505 3 2 1
506 3 1 8
507 1 2 16 7
508 16 7
509 14 2 6 7
510 2 7 1
511 3 4
512 5 4 1 3
513 5 6 7 3 14
514 1 3 8 4
515 1 3 8 13
516 4 3 14
517 1 9 0 2
518 4 11 6
519 12 6 11
520 12 7 4
521 1
522 3 1 7
523 10 12 1
524 2 1 7 17
525 2 1
526 12 2 7
527 12 17 11
528 3 6 2
529 5 1 2 0 10
530 2 3 14
531 1 2 8
532 7 18 17
533 13 16 7
534 3 14 1
535 4 16
536 7 2
537 1 17 7
538 1 17
539 2 16 7
540 9 13 11
541 2 16 7
542 3 1 4 14
543 9 13
544 8 15
545 1 8
546 7 12 4
547 4 17 12
548 12 7
549 8 2 16
550 0 1 2
551 1 3 9
552 9 1 18
553 10 2 7 1
554 1 9 2 4
555 1 9 13 15 7
556 1 2 3 7
557 12 7 4
558 7 14 5
559 1 8 0
560 0 1 9
561 8 2 7
562 1 3
563 1 3 7
564 3 7 14 1
565 1 3 14 7
566 1 2 7
567 4 7 2
568 12 4 7
569 12 7 4
570 9 0
571 9 13
572 9 0
573 9 0
574 9 0 13
575 9 13
576 3 1 2
577 3 1 2
578 2 7 1
579 5 3 4
580 16 14 7 4
581 3 1 4
582 4 1 12 17
583 3 1 12
584 1 2
585 1 7 2
586 3 14 5
587 3 14 1 7
588 7 1 2
589 7 1
590 9 12
591 0 19
592 4 14 5
593 2 1 0
594 1 0 7
595 1 5 7
596 15 1 8 9 7
597 0 2 1
598 0 1 2 7
599 14 6
600 14 6
601 4 7 1
602 0 2 1
603 0 1 2
604 0 1 2
605 5 1 10 7
606 3 1 7
607 14 3 7
608 1 8 7
609 2 1 0
610 3 7
611 1 3 4
612 1 3
613 1 0 8
614 4 9 1 7
615 1 2 9
616 0 1
617 3 2 1
618 10 2 1 7
619 1 2 3
620 1 2 3
621 8
622 4 1 8
623 10 1 2 7
624 6 11 7
625 15 6 19
626 7 18
627 0 2 5
628 12 7 4
629 12 11 6 17 7
630 15 3 1 7
631 2 7 17
632 1 2
633 0 1
634 0 1 2
635 0 1 2
636 1 2 3
637 9 1 4
638 1 7 6
639 18 13 6 7
640 6 10 7
641 4 6 7
642 7 17 2
643 1 7 3
644 5 8 13 7
645 4 7 2
646 1 3 9
647 6 10 7
648 7 6 2
649 4 11 7
650 4 3 7 6
651 4 7 2
652 12 11 17
653 9 15 6
654 6 0 7
655 6 7
656 1 5 2 7
657 3 4 1 7
658 3 1 7
659 1 3 7 4
660 1 3 8
661 0 1
662 9 1
663 5 2 7 1
664 1 5 7 0
665 0 2 1
666 1 2 4
667 2 1 0
668 0 2
669 1 2 7
670 1 2 7
671 1 9 7
672 0 2 10
673 1 3 7
674 1 0 2
675 0 1
676 7 14 2
677 12 2 7
678 4 3 7
679 2 4 7
680 3 4
681 4 3 14 7
682 1 17 2
683 1 2 0
684 1 13 3
685 14 0 7
686 9 13 4
687 6 7 2
688 7 6 2
689 6 11 7
690 4 5 6 11
691 6 11 7
692 4 6 11
693 4 6 11
694 14 6 11
695 14 7
696 7 8 12
697 9 18 13 7
698 7 2 3
699 8 7 16
700 7 14 6
701 6 7 14
702 1 7
703 1 2 7
704 7 16
705 5 3 4 0
706 10 0 7
707 10 0 7
708 10 1 7
709 0 1 7
710 14 0 6
711 2 0 7
712 0 5 1 2
713 0 4 7
714 4 2 1
715 1 2 7
716 2 0 1 5
717 19 15 6
718 12 7 16
719 9 1 7
720 1 2
721 1 2 6
722 2 5 0
723 1 3 4
724 1 3 2
725 1 2 4
726 10 12 1
727 3 1 7
728 16 7 2
729 16 7 1
730 1 7 3
731 1 2 3
732 2 1 7
733 2 1 7
734 1 7 17
735 4 0 1 2
736 4 1 2 0
737 9 0 1 4 15
738 0 1 3 9 15
739 1 8
740 2 1 7
741 1 2 3
742 10 1 2 0
743 3 14 1 4
744 2 1 7
745 1 7 3 17 2
746 3 2 1
747 3 2 1
748 3 1 2
749 1 2 18 7
750 1 2 18 7
751 1 8 5 3
752 5 3 6 14
753 1 2
754 1 2
755 1 9 2
756 1 2 3
757 12 17 7
758 12 17 7 11
759 2 1 7
760 2 16 7
761 1 7 16
762 6 7 4
763 1 17 2 3
764 0 1
765 6 11 4
766 3 7 1
767 3 1 7
768 1 3 2
769 1 15 8
770 2 3 1 7
771 7 2 14
772 1 4
773 1 4 8
774 7 4 6
775 14 3
776 6 7 15
777 1 2 0
778 16 7
779 1 4 2
780 1 2 16
781 1 2 12
782 1 18 7
783 1 2
784 1 2
785 7 2 1
786 1 7 2
787 12 7 4
788 7
789 12 7 4
790 2 1 0
791 1 2 12
792 3 1 7
793 3 1 2
794 0 5 1
795 16 2 7
796 1 2 4
797 12 17 7 2
798 12 2 7 16
799 12 7 16
800 1 2 7
801 1 9 2 4
802 18 1
803 0 2 1
804 0 2 1
805 2 7 1
806 1 7 2
807 7 6 2
808 1 7 17
809 5 1 7 0 4
810 5 1 2 7 10
811 1 7 2 16
812 1 5 0 7
813 10 12 8
814 10 8
815 1 2
816 3 7 1
817 6 7 0
818 1 2 4
819 6 1 11
820 0 2 7
821 7 17 2
822 1 17 7
823 1 2 12
824 1 3 9 2 13
825 3 1 14
826 3 1 2
827 1 3 14 7
828 3 1 7
829 3 6 7 2
830 3 1 7
831 3 1 7
832 1 3 14 7
833 7 3 14 2
834 1 3 14 7 0
835 3 7 1 2
836 3 1 7
837 3 1 2
838 3 1
839 3 1 7 2
840 3 1 4 18
841 3 4 1
842 
843 3 7
844 3 7
845 1 2 7
846 1
847 1 0 2
848 3 4 7
849 1 3 9
850 1 2 13
851 3 1 2 7
852 3 2 7 1
853 1 9 2 15
854 3 1 7
855 3 1
856 3 1
857 1 3 2
858 3 7 2
859 3 1
860 3 1 7
861 12 2 1 7
862 3 1 2
863 1 2 9
864 16 7
865 2 16 7
866 1 7 9
867 4 8 16
868 1 3 8
869 4 7 1
870 1 6 3
871 5 4 0
872 6 10 7
873 1 17 7
874 1 3 17
875 8 6
876 8 6
877 14 6 7
878 12 7
879 2 1 7
880 10 5 0 7
881 16 7
882 12 16 7
883 16 7
884 0 1 2
885 1 2 7
886 1 3 2 7
887 12 17 7
888 6 7 4
889 0 1 5
890 16 7
891 16 7
892 16 7
893 16 7
894 2 12 1
895 14 7 11
896 6 16
897 10 2 0
898 1 8 2
899 1 8 3
900 2 1 7
901 12 16 7
902 7 12 4
903 12 13 17
904 4 2 3 9
905 8 19 15
906 10 2 1 7
907 1 2 7
908 7 16 17
909 1 9 8 3 2
910 1 3 4
911 7 1 16
912 6 5 4
913 9 6
914 9 1 0 13 7
915 10 1 8
916 9 6
917 4 12 17 11
918 7 6 11
919 7 4 6
920 1 8 2 3 7
921 1 2 7
922 6 2
923 1 13
924 16 7
925 1 5 2 10
926 1 8 9
927 1 9 3
928 7 13 12 14
929 3 14 1
930 7 4 18 6
931 12 16 7
932 1 17 2
933 1 2 7 17
934 5 7 6
935 6 11
936 1 2
937 1 2 7
938 1 4 13
939 0 2 4
940 0 10 5
941 4 6 7
942 1 14 3
943 2 1 5 0
944 3 1 2 7
945 1 2
946 2 1 12
947 16 7
948 6 7
949 1 2
950 3 7 4
951 4 6 11
952 6 7
953 7 4 17
954 1 3
955 7 11 6
956 6 4 5 0
957 1 18 7
958 4 1 7 2
959 1 9 7 3
960 1 3 2
961 12 2 11
962 14 6 15
963 14 6
964 4 11 12
965 5 0 4
966 5 14 4
967 14 6
968 14 6
969 4 12 7
970 4 12 7
971 4 12 7
972 4 18 12 7
973 7 12
974 6 11 4
975 4 12 11 17
976 0 6 7
977 7 12 4
978 12 7 4
979 12 14 7
980 18 12 7
981 18 7 12
982 2 7 12
983 1 2 7
984 1 2 7
985 1 4 2
986 1 9 7 2
987 1 2 3
988 9 18 7
989 9 18 7
990 9 18 1 7
991 9 7 18
992 10 2 7
993 10 2 7
994 12 16 7
995 1 2
996 1 2
997 9 1 15
998 5 1 2 10 14
999 1 7 2
1000 1 2 7
1001 9 4 2
1002 1 10 7
1003 1 7 2
1004 2 5 0
1005 10 18 7
1006 4 7 2
1007 1 2 4
1008 1 2 0
1009 1 2 0
1010 1 2 7
1011 1 2 17
1012 7 4 17
1013 1 2 12
1014 10 9 1
1015 2 5 0 1
1016 2 7 0 1
1017 4 12 7
1018 1 4 7 3 17
1019 12 10 7
1020 6 7
1021 1 2 7
1022 3 4 7
1023 4 11 6
1024 15 6 7
1025 1 9 2
1026 4 16 7
1027 8 6
1028 1 2 12
1029 1 3 7
1030 3 14 10
1031 2 1 3 7
1032 3 2 14
1033 10 0 2 7
1034 2 10 0 7
1035 0 2 1 10
1036 2 12 7
1037 2 0 5
1038 10 2 1 0
1039 0 5 1 2
1040 5 1 7
1041 0 8 7
1042 1 7 12
1043 6 7 1
1044 6 7
1045 7 6
1046 7 17 16
1047 1 2 3 7
1048 1 2 9 3
1049 9 1 2 18
1050 6 7 3
1051 3 14 1
1052 14 3 6
1053 3 14
1054 4 12 17
1055 4 3 7
1056 4 12 7
1057 10 1 0
1058 9 1 2
1059 6 15 7
1060 6 7 14
1061 16 4 7
1062 16 4 7
1063 2 16 7
1064 2 16 7
1065 8
1066 1 7 2 3
1067 1 3 2
1068 1 7 9 4
1069 3 1 7
1070 3 1 7
1071 3 17 7
1072 0 1 2
1073 7 14 15
1074 6 5 4
1075 3 7 2 1
1076 13 12 18 11 7
1077 12 11
1078 1 7 2 8
1079 1 8 2 13
1080 9 13 4
1081 3 1 7 14
1082 2 1 7
1083 4 11 6
1084 0 5 7
1085 3 6 14
1086 2 1 6
1087 6 1 11
1088 4 11 17
1089 6 7 15
1090 0 2 7 1
1091 5 6 7
1092 6 7 2
1093 6 7
1094 1 5 0 2
1095 0 1 2
1096 0 10 1 7
1097 3 14 7
1098 3 14 7
1099 3 14 7
1100 3 14 7
1101 14 7 3
1102 14 7 3
1103 3 14 7
1104 3 1 4
1105 1 0 2
1106 3 1 8 5 14
1107 1 3 2 5
1108 2 5 0 1
1109 10 0 1
1110 7 16
1111 0 1 2
1112 1 8 13
1113 1 8 19
1114 1 8 7
1115 1 8 7
1116 9 1
1117 1 7 2
1118 15 7
1119 16 7 2
1120 12 11 15
1121 1 7 2
1122 1 2 12
1123 9 6
1124 1 3 7
1125 7 17
1126 3 1 7
1127 3 14 7
1128 2 1 4
1129 7 6 14
1130 16 7
1131 16 7
1132 16 7
1133 6 11 7
1134 4 1 2 16 7
1135 12 11 4
1136 14 3 6
1137 4 1 2
1138 9 1 15 0
1139 4 12 7
1140 1 7 6
1141 12 7 16
1142 12 16 7
1143 1 7 17
1144 1 7 17
1145 4 3 7 16 17
1146 6 7 14 11
1147 2 1 12
1148 4 7 8
1149 10 2 1 7
1150 1 6 2
1151 4 5 7 14 3
1152 6 4
1153 1 2 0
1154 10 1 7
1155 16 7
1156 16 7
1157 16 7
1158 16 7
1159 16 7
1160 16 7
1161 16 7
1162 16 7
1163 16 7 17
1164 16 7
1165 16 7
1166 16 7
1167 2 1 3 7
1168 1 2 17
1169 1 7 17
1170 1 9 7
1171 1 7 17
1172 0 14 2
1173 7 2 6
1174 1 8 7
1175 1 3 2
1176 6 7 0
1177 7 2
1178 9 1 2
1179 7 16 12
1180 7 1 12
1181 5 0 7
1182 0 7 1
1183 12 7 4
1184 9 12
1185 12 16 7
1186 12 11 7
1187 6 4 11
1188 6 4 7
1189 1 0 7
1190 1 2 4
1191 9 2 1 7
1192 1 14 7
1193 2 1 4
1194 7 16 5
1195 0 5 7
1196 4 7 17
1197 7 2 14
1198 1 3 18 17
1199 4 13 7
1200 2 16 7
1201 4 3 6
1202 16 7
1203 6 7 2
1204 1 3
1205 1 3 14
1206 1 7 2
1207 16 7 4
1208 7 16 3 17
1209 1 18 7
1210 
1211 2 16 7
1212 2 0 1
1213 1 3 2
1214 4 7 16
1215 7 2 4
1216 7 12 17
1217 16 7 2
1218 16 7 18
1219 4 2 7
1220 1 2 3
1221 1 2 3
1222 1 2 9 3 7
1223 1 17 7
1224 4 6 18 7
1225 2 16 7
1226 1 3 7
1227 0 5 2 1
1228 0 1 2 5
1229 3 2 4
1230 1 2 0
1231 7
1232 7
1233 7 6 17
1234 7 17 18
1235 7
1236 13 18 16 7
1237 18 7 1
1238 6 7 11
1239 9 17 4
1240 10 0 7
1241 4 11 6
1242 9 1 15 13
1243 12 4 1
1244 0 1 7
1245 12 4 7
1246 0 2 7
1247 6 7 0
1248 1 7 4 18
1249 7 16 13
1250 16 7
1251 1 2
1252 2 1 7
1253 1 2 5
1254 1 2
1255 9 2 7
1256 9 1 7
1257 8 7
1258 9 4 12
1259 1 9 2
1260 0 1 7
1261 6 15
1262 7 5 2
1263 7 2 1
1264 6 7 11
1265 1 3 2 7
1266 16 7 2
1267 5 1 0 7
1268 3 4 7
1269 3 7
1270 3 2 14
1271 14 6
1272 9 2 1
1273 0 2 1
1274 10 1 0
1275 0 1 2
1276 1 8 2
1277 1 2 8
1278 1 2
1279 1 2 7
1280 6 14 7
1281 1 3 9
1282 2 1 0
1283 1 5 0 4
1284 5 1 7 2
1285 2 0 1
1286 2 13 16 7
1287 2 16
1288 0 10 2 5
1289 10 5 2 7 1
1290 4 1 7 3
1291 4 3 7
1292 1 9 7 8
1293 1 13
1294 4 12 17
1295 5 0 1 7
1296 0 2 1
1297 10 1 2
1298 3 1 7
1299 3 1 7
1300 1 3 2
1301 1 8 7 2
1302 7 16
1303 1 0 10 7
1304 9 13 0
1305 6 16 7
1306 9 15
1307 1 2 3
1308 3 1 7
1309 1 2 3
1310 1 3 2 7
1311 1 7 2 9 13
1312 2 16 7
1313 16 2 7
1314 2 16 7
1315 6 11
1316 4 2 11
1317 2 18 1
1318 10 1 7
1319 1 8
1320 4 2 1 16
1321 4 9 1 3
1322 6 15 3
1323 4 1 3
1324 1 2 3
1325 10 18 7
1326 4 3 7
1327 18
1328 4 1 17 7
1329 12 17 7
1330 16 7 4
1331 12 7 17
1332 4 7 17
1333 4 3 14 5 7
1334 12 7 4
1335 12 7 4
1336 1 3 7
1337 5 0
1338 10 5 4 1 3
1339 0 1 2 5
1340 1 18 2
1341 18
1342 6 3 14 11
1343 4 3 14
1344 1 9 2
1345 1 3 10 9
1346 3 0 14
1347 3 4 7
1348 3 2 4
1349 9 7
1350 10 7 2
1351 4 12 17 7
1352 4 17 7 12
1353 2 12 7
1354 1 2 7
1355 4 12 6 7
1356 9 2
1357 3 14 7
1358 11 6 7
1359 1 7 17
1360 1 2 7
1361 10 1 2
1362 1 9 2 4 7
1363 10 1 7 0
1364 10 1 7 16
1365 10 1 9
1366 10 1 7
1367 1 3 7
1368 15 1 7
1369 15 2 8 7
1370 6 16 7
1371 10 1 9
1372 10 2 1
1373 12 5 7
1374 12 2 7
1375 0 1 2
1376 1 2
1377 3 14 1
1378 4 1 8
1379 2 18 1
1380 1 3 7
1381 8 7 1
1382 1 4 12 11
1383 2 0 1
1384 1 2
1385 7 16 4
1386 0 1 7 9
1387 4 3 7
1388 1 2
1389 1 3 8
1390 1 8 13 3
1391 10 1 7
1392 6 15 7
1393 14 6 7
1394 1 2
1395 3 1 14
1396 6 7 4
1397 2 7 17
1398 4 16
1399 4 8
1400 7 6
1401 7 2 1
1402 7 16
1403 16 7
1404 16 2 7
1405 16 7
1406 16 7
1407 16 7
1408 7 16
1409 10 0 2
1410 10 1 7
1411 1 7 2
1412 16 7
1413 16 7
1414 7 16
1415 1 18 7
1416 12 7 4
1417 2 7 16
1418 7 2 1
1419 4 1 7
1420 16 7
1421 1 2 7 8
1422 18 4 7
1423 6 18 7
1424 1 8 7
1425 1 8 7
1426 6 11
1427 12 17 4
1428 0 1 2
1429 2 15
1430 2 13 16 7
1431 15 9 7
1432 18
1433 1 2 7
1434 1 7
1435 8 1 7
1436 1 19
1437 1 2 17
1438 1 8 2
1439 1 2 7
1440 1 3 4 2 7
1441 10 1 7
1442 1 3 0
1443 1 8 7
1444 1 9 8 2
1445 1 3 2 7
1446 1 2 7
1447 4 2 7
1448 4 16 6
1449 10 0 2
1450 3 1 2 4 7
1451 7 16
1452 4 12 11 7
1453 4 3 5 14
1454 0 7 4
1455 4 12 6
1456 0 1 2
1457 6 7 8
1458 6 7 8
1459 1 2
1460 6 15 7 11
1461 10 9 7
1462 0 1 2
1463 0 1 2
1464 18 2 1
1465 2 1 7
1466 10 0 2
1467 0 1 2
1468 16 13 7
1469 1 5 7
1470 1 9 2 4
1471 3 1 2
1472 18 2 1
1473 1 7 8 2
1474 1 3
1475 4 1 7 2
1476 16 7
1477 16 7
1478 9 1 2
1479 9 1 2
1480 1 2 3 7
1481 4 3 7
1482 16 7
1483 16 7
1484 2 7 1 3
1485 16 7
1486 2 1 7
1487 7 11 12
1488 4 11 17
1489 4 7 12
1490 1 7 9
1491 1 0
1492 10 1 7
1493 16 7
1494 4 16 7
1495 4 14 13
1496 4 1 7 2
1497 4 6 18 7
1498 3 1
1499 7 6 4
1500 9 6
1501 9
1502 9 4 13
1503 6 2 7
1504 2 15
1505 18 1 7
1506 9 1 7
1507 1 3 14 7
1508 1 7 4
1509 1 7 2
1510 7 6 18
1511 7 1 2
1512 6 7 2
1513 1 17 2 7
1514 1 3 7
1515 1 8 13
1516 5 0
1517 6 7
1518 3 4 6
1519 3 4 6
1520 1 4 2 7
1521 6 7
1522 12 5 7
1523 5 1 7 0
1524 1 8 7 4
1525 3 1 9 4
1526 15 3 7
1527 1 2 13
1528 1 7 17
1529 4 1 2 0
1530 0 5 4
1531 0 1 5 2
1532 0 5 1
1533 0 1 2
1534 3 1 2
1535 3 1
1536 6 11 4
1537 1 2 3
1538 1 3 7
1539 1 7 17
1540 1 12
1541 1 0 2
1542 15
1543 4 13 7 14
1544 1 3 14 7
1545 1 2 8
1546 12 11 7
1547 1 2 18 7
1548 12 2 17 7
1549 7 16 1
1550 7 17 2 13
1551 1 3 2 9
1552 4 16 7
1553 6 18 7
1554 1 2 9 3 7
1555 2 1 7 4
1556 6 14 7
1557 6 7 8
1558 7 16 18
1559 14 7 16
1560 4 6 7 11 17
1561 1 3 15
1562 15 13
1563 16 7
1564 15 19 6
1565 1 2 7
1566 1 2 7
1567 2 1 3 7
1568 9 1 4 7
1569 1 3 2
1570 1 3 2
1571 12 17 11
1572 12 5 7
1573 10 0 5 1 7
1574 4 12 6 7
1575 3 7 2 1
1576 14 7 16
1577 3 1 4
1578 1 3 7
1579 3 7
1580 4 12 11 17
1581 2 3 1 7
1582 1 9 2 3
1583 1 12 4
1584 1 2
1585 1 7
1586 1 6 18 8
1587 18 16 7 13
1588 4 9 7
1589 3 7 4
1590 3 7
1591 1 7 2
1592 1 2
1593 16 7
1594 10 0 1 2
1595 4 1 7
1596 3 14 7
1597 3 1
1598 1 5 7
1599 6 8
1600 3 7 6
1601 10 1 2 7
1602 1 7 17
1603 1 17
1604 0 1 8
1605 1 2 5
1606 2 1 7
1607 15 7 13
1608 6 18
1609 7 16 4
1610 7 16 17
1611 3 1 5 7
1612 2 1 7
1613 10 0 1 2
1614 7 2
1615 2 1 7
1616 1 4 2
1617 2 0 1 7 5
1618 0 2
1619 2 1 0
1620 10 1 7
1621 16 7
1622 16 7
1623 1 2 16
1624 1 3 7
1625 1 2 3
1626 1 2
1627 3 1 7
1628 3 7 12
1629 12 4 6 7
1630 9 1 18
1631 2 1 3
1632 7 2 6 1
1633 0 5
1634 2 7
1635 7 8
1636 7 16
1637 1 7 2 4
1638 1 18 7
1639 1 7 4
1640 1 2 17
1641 7 2
1642 16 7
1643 16 7 14
1644 1 3 2
1645 0 7 10
1646 7 16
1647 15 7
1648 7 12 11
1649 0 1 5
1650 5 1 7 14 6
1651 0 14 7
1652 0 14 1 7
1653 0 14 2
1654 0 7 1
1655 1 3 7
1656 1 8
1657 1 2 8 4
1658 0 2 1
1659 0 2 1
1660 4 12 2 7
1661 4 12 7
1662 7 2 4 12
1663 0 1
1664 4 2 1 5
1665 1 8 2
1666 1 9 3 2 7
1667 12 7 4
1668 1 3 4
1669 2 1 4 3
1670 3 1 7
1671 1 2 10 8 5
1672 1 2 8
1673 2 1 7
1674 1 2 17
1675 1 2 12
1676 1 2 8
1677 1 3 2
1678 1 8 9 3 2
1679 1 2 7
1680 1 17 3 2
1681 2 1 7
1682 1 3 2 7
1683 15 1 8
1684 2 1 0
1685 1 2
1686 12 17 11
1687 12 17 7
1688 10 1 7
1689 0 2 1 5
1690 1 0 2
1691 7 17 12
1692 15 4 0
1693 1 17 7
1694 16 7 1
1695 8 13 19
1696 8 4 16
1697 1 9 2 7
1698 9 1 13 15
1699 0 1 5
1700 2 7 4
1701 8 16 7
1702 13 7
1703 1 7 2 3
1704 2 1 0
1705 16 7
1706 16 7
1707 19 13 7
1708 4 12 17 7
1709 4 5 12 7
1710 3 5 2
1711 2 1 0
1712 1 2 0
1713 7 5 14
1714 7 14 5
1715 9 15 6
1716 10 1 7
1717 10 1 7
1718 2 7 1 4
1719 2 12 11 7
1720 1 7
1721 1 2
1722 1 2
1723 4 5 2 1 7
1724 1 18
1725 1 9 3
1726 16 7 2
1727 7
1728 1 7 17
1729 1 2 0
1730 4 6 11
1731 1 7 17
1732 1 3 14
1733 7 1 2
1734 7 2 17
1735 12 4 7
1736 1 3 7
1737 1 4 3
1738 14 16 7
1739 16 7 4
1740 1 3
1741 1 4 17
1742 1 17
1743 7 4 16
1744 1 7 2
1745 16 7
1746 4 6 12
1747 10 0 1
1748 1 7
1749 0 2 1
1750 2 0 1
1751 1 3 2
1752 3 13 14
1753 16 7
1754 1 10 8
1755 16 7 1
1756 1 9 2 8
1757 1 2 8
1758 1 9 13 8 7
1759 4 18 7
1760 12 4 11
1761 13 16 7
1762 16 7
1763 16 7 17
1764 1 16 7
1765 16 7
1766 6 11 7 14
1767 1 0 10
1768 1 2 3
1769 1 8 2
1770 18
1771 12 7 4
1772 5 7
1773 1 8
1774 12 7 11
1775 1 2
1776 2 7 9 15
1777 1 9
1778 1 2 17
1779 1 8 2 13
1780 4 3 14 7
1781 1 4 8 7 5
1782 1 17 2
1783 1 2 16
1784 16 7
1785 7 16 4 15
1786 9 2 1
1787 1 2
1788 3 1 2
1789 4 7 3 1
1790 4 6 11 7
1791 7 6 2
1792 1 2 17
1793 1 3 2
1794 6 11 7
1795 9 18 1 13
1796 4 17 2 7
1797 1 16 7
1798 1 9 3
1799 16 7 1
1800 16 7
1801 9 13 11
1802 15 7 8
1803 0 1 2
1804 1 7 2
1805 16 7 2
1806 1 9 2
1807 1 2 8
1808 1 8 2 3
1809 1 17 2
1810 16 7
1811 0 1 3 2
1812 1 7 8 18 17
1813 1 3 9 14
1814 1 17 7
1815 10 1 7
1816 0 2 1
1817 9 6
1818 9 6
1819 1 17 7
1820 6 11 7
1821 1 7
1822 2 1 7
1823 16 7
1824 0 5 1
1825 1 2 8
1826 2 1 0
1827 14 6 7
1828 4 7 17
1829 6 12 11
1830 12 14 7
1831 1 2
1832 10 1 3 9
1833 1 2 7 4
1834 7 6 18
1835 1 2
1836 1 2 8
1837 1 8 2
1838 3 14 7
1839 12 17 11 4
1840 1 9 18 2 7
1841 0 1 13
1842 1 3 18 7
1843 2 1 0
1844 12 4 7
1845 1 2 14 7
1846 16 7 17
1847 2 1 17
1848 0 2 7
1849 4
1850 16 7
1851 16 7
1852 4 3 6
1853 3 14 4
1854 0 1 5
1855 5 0 1 7
1856 5 8 4 1 3
1857 5 0 7
1858 5 0 4
1859 5 4 1 0
1860 7 2
1861 16 2 1
1862 5 0 4
1863 5 4 0
1864 1 2 3
1865 14 6 13
1866 1 7
1867 1 16 7
1868 16 7
1869 16 7
1870 16 7
1871 4 12 1
1872 1 3 2
1873 4 7 2
1874 12 7 17
1875 1 17 7
1876 1 16 7
1877 1 3 2 7
1878 1 2 3 17
1879 6 3 7
1880 1 2 8
1881 4 12 11 17
1882 4 7 18 12
1883 3 14 1
1884 0 2 1
1885 1 2 4 9 7
1886 1 7 2 17
1887 3 1 14 4
1888 4 18 7 12
1889 7 16
1890 9 4
1891 3 1 7
1892 1 12 7
1893 1 2 8
1894 1 7 2
1895 1 3 8
1896 1 7
1897 2 1 7 17
1898 1 2
1899 0 1 7
1900 16 7
1901 16 7
1902 1 8
1903 2 12 7
1904 1 2
1905 16 7
1906 1 7
1907 12 1 11
1908 1 7 12
1909 1 12
1910 10 1 7 2
1911 1 16 7
1912 4 3 7
1913 1 12 2
1914 12 4 17
1915 1 3 8
1916 3 1
1917 1 2 3
1918 1 3 8
1919 1 2 7
1920 1 3 2
1921 6 16 7
1922 14 6 3 7
1923 14 7 6
1924 2 1 3
1925 16 12 7
1926 1 17 2 7
1927 1 2
1928 1 2 0
1929 3 1 7
1930 18 7
1931 1 7 17
1932 7 18 4
1933 5 0 4
1934 1 2 3 18
1935 9 6
1936 9 6
1937 9 6
1938 10 1 2 7
1939 1 2 7
1940 16 7
1941 16 7
1942 16 7
1943 7 18 2
1944 2 7 1
1945 4 1 2 7
1946 1 9 8 2
1947 5 1 9
1948 5 3 4
1949 3 1
1950 1 2 3 7
1951 12 7 16
1952 16 7
1953 1 3 9
1954 1 17 4
1955 1 17 7
1956 1 9 13
1957 16 7 17
1958 3 7 2
1959 4 1 7 2
1960 4 15 12
1961 0 10 1
1962 10 2 1 7
1963 9 12 7
1964 12 17 7
1965 1 2 3 4
1966 1 9 8
1967 0 2 1
1968 16 2 7
1969 2 1 8
1970 9 1 2
1971 1 3 8 7
1972 1 8 7
1973 9 7 1
1974 1 7 3
1975 1 2 17
1976 4 3 7
1977 2 1 7
1978 1 8 2
1979 1 8 7
1980 1 9 2
1981 1 13
1982 4 3 14 7
1983 4 7 3 14
1984 16 2 7
1985 10 1 7 2
1986 1 2
1987 1 4
1988 2 3 4
1989 1 9 8 2
1990 1 2
1991 7 14 4
1992 14 7 16
1993 9 1 2 7
1994 3
1995 5 3
1996 0 5 1
1997 1 18 7
1998 1 2 10 18
1999 10 1 2
2000 1 7 2
2001 1 9
2002 1 3 7
2003 7
2004 7 18 1
2005 9 1 18
2006 3 1 2
2007 9 1 15
2008 1 16 7
2009 1 3 14
2010 1 7 2 16
2011 6 1 4
2012 1 2 10
2013 1 9 2
2014 1 9 2
2015 1 3 7 4 18
2016 12 6 7
2017 1 7 18
2018 4 7 17
2019 16 7
2020 12 4 7 11 17
2021 0 1 7
2022 1 9 2 7
2023 4 1 7 2
2024 1 3 4 7
2025 2 15 7
2026 2 13 14
2027 1 3 2
2028 3 1 7
2029 1 7 4
2030 2 16 7
2031 5 1 2 7
2032 1 9 17
2033 1 9 2
2034 2 1 7
2035 7 17 6 2 18
2036 0 2 1
2037 9 1 3 15
2038 9 1 2
2039 2 1
2040 1 7 12
2041 1 8 3
2042 1 2 9
2043 18 2
2044 1 2 3 17 7
2045 1 17 7
2046 6 7
2047 7 11 6
2048 12 11
2049 1 2 7
2050 1 2 17
2051 16 12 7
2052 16 7
2053 18 8 6
2054 1 2
2055 1 0 2
2056 16 7
2057 16 7
2058 16 7
2059 16 7
2060 16 2 7
2061 16 7
2062 2 1 3
2063 1 2 17
2064 7 4 1 9 2
2065 4 3 7 14
2066 3 4
2067 4 12 17
2068 3 7 2
2069 3 9 7
2070 4 9 11 6
2071 4 11 7
2072 3 9 4 1
2073 1 17 7
2074 1 8 17 7
2075 12 6 11 7
2076 16 7
2077 6 7
2078 16 7 3
2079 6 8 18
2080 14 8 3
2081 16 7 3
2082 2 1 7
2083 6 7
2084 6 15 7
2085 1 2 3
2086 3 1 17
2087 4 7 8 11 2
2088 7 11 6
2089 12 4 11 7
2090 1 17
2091 1 6
2092 16 7 3
2093 1 2 3
2094 0 5 1 7
2095 16 7
2096 1 3 9
2097 16 7 2
2098 16 7
2099 16 7
2100 16 7 17
2101 16 7 2
2102 16 7
2103 1 19
2104 0 5 7 2 1
2105 6 7
2106 3 1 7
2107 3 1
2108 1 9 2
2109 1 2
2110 1 5 2 10
2111 16 7
2112 16 7
2113 1 7 2
2114 1 3 2
2115 1 8 9 13
2116 14
2117 2 7 16
2118 1 2 0
2119 3 14 7
2120 1 2 3
2121 16 7
2122 16 7
2123 16 7
2124 16 7
2125 16 7
2126 1 17 7
2127 1 2 3
2128 1 2 3
2129 1 2 9
2130 1 2 9
2131 0 1 7
2132 2 1 7
2133 9 1 0
2134 0 1 9
2135 0 5 1
2136 18 1 7
2137 1 2
2138 1 2
2139 16 7
2140 1 2
2141 16 7
2142 6 7
2143 8 5 7 1
2144 1 17 2
2145 1 2 8 3 7
2146 16 7
2147 16 7
2148 16 7
2149 1 2 0
2150 0 2 1 5
2151 1 3 2
2152 1 12 13
2153 1 7 2
2154 2 1 7
2155 2 1 7
2156 2 1 7
2157 1 2 7
2158 1 2 18
2159 5 0 4
2160 5 4 0
2161 5 1 7
2162 16 7 12
2163 2 16 7
2164 1 7
2165 4 7 3
2166 9 6
2167 9 6
2168 1 4 17
2169 1 2 7
2170 1 2 7 9
2171 1 4 6 17
2172 4 7 2
2173 1 2 7
2174 2 1 7
2175 2 1 7
2176 2 1 7
2177 1 2 7
2178 2 1 7
2179 2 1 7
2180 2 1 7
2181 2 1 7
2182 1 7
2183 12 11 7
2184 12 7 16
2185 2 1 7 16
2186 1 2 7
2187 6 7
2188 16 7
2189 1 3 6
2190 1 3 8 2
2191 1 3 7
2192 0 1 10
2193 1 4 17
2194 0 5 1 2
2195 7 1 2
2196 1 9 3 8
2197 1 3
2198 3 14 1 4
2199 0 2 1
2200 16 7
2201 2 7
2202 1 8
2203 1 2 4
2204 16 7
2205 16 7 6
2206 1 2 17
2207 1 8
2208 1 18
2209 2 9 15 1 7
2210 4 1 17
2211 1 5 7
2212 1 3 7
2213 10 2 0
2214 1 5 2 10
2215 16 7
2216 16 7
2217 16 7 2
2218 16 7 2
2219 16 7
2220 16 7
2221 0 1 7
2222 1 3 8 9
2223 6 4 7
2224 4 6 7 18
2225 4 1 18 7
2226 3 1
2227 3 1 7
2228 1 2 7
2229 1 2 9
2230 1 3
2231 16 7
2232 16 7
2233 16 7
2234 16 7
2235 16 7
2236 16 7
2237 1 2 3
2238 1 2 9
2239 9 4 12 2 7
2240 4 9 12 7
2241 1 5 0
2242 6 7 8
2243 18 7 2
2244 1 2 8
2245 0 8
2246 9 1 7
2247 1 7 0
2248 1 8 4 10 17
2249 1 17 8 4
2250 1 3 14
2251 1 9 15 2
2252 16 7
2253 1 4 8 17
2254 1 8 4
2255 4 1 8 17
2256 1 8 4
2257 1 9 7
2258 1 9 2 7
2259 9 1 7
2260 9 1 7
2261 9 1 2
2262 9 1 7
2263 9 1 7
2264 1 9 2
2265 9 1 7
2266 1 9 2 7
2267 10 1 7
2268 16 7 18
2269 14 3 7
2270 14 3 7
2271 1 5 2 0
2272 10 7 2
2273 16 7
2274 10 0 1
2275 1 0 7
2276 9 4 3 1
2277 7 1 8 5
2278 10 7 2
2279 16 7
2280 1 2 12
2281 1 17 7 2
2282 0 5 1
2283 3 0 8 4
2284 4 7 12 17
2285 4 11 6 7
2286 1 14 7
2287 1 2 7
2288 16
2289 16 7
2290 2 0 1
2291 2 7
2292 10 1 7
2293 1 2 18 7
2294 1 5 7
2295 1 7 2
2296 7 17
2297 1 5 2 7
2298 12 4 11 7
2299 2 0 1 7
2300 12 7 4
2301 0 12 1
2302 2 1 7
2303 1 8 13 2
2304 1 3
2305 1 8 4 17
2306 1 17 8 4
2307 10 0 1 2
2308 0 10 2 1
2309 16 7
2310 9 1 3 15
2311 3 1 7
2312 1 7 2
2313 1 2 18 3
2314 16 14 7
2315 1 3 2
2316 4 12 7
2317 2 1 8
2318 9 1 3
2319 7 1 2
2320 7 18 2
2321 6 7 4
2322 8 2 7
2323 1 7 17
2324 3 4 1
2325 1 2 17
2326 1 2 17
2327 1 7 2 0
2328 10 1 2
2329 1 7 4 13
2330 5 1 2 10
2331 1 4
2332 7 18 0
2333 3 4 1 7
2334 16 7
2335 16 7 17
2336 16 7
2337 16 7 2
2338 16 7
2339 16 7
2340 16 7
2341 16 7
2342 16 7
2343 16 7
2344 1 9 7 15 16
2345 1 2 17
2346 1 2 8
2347 1 9 3
2348 1 9 17 2
2349 1 9 4 3 17
2350 1 9 3
2351 9 1 4 3
2352 6 3 1
2353 1 2 18 7
2354 18 7 1
2355 4 3 6 14 7
2356 6 3 7
2357 16 7
2358 16 7
2359 1 17 7
2360 7 3 6
2361 9 6 7
2362 7 1 16
2363 7 12 4
2364 6 11 7
2365 8 2 7
2366 14 3 6
2367 6 11 4 7
2368 3 14 4
2369 16 7
2370 16 7
2371 16 7
2372 16 7 17
2373 16 7
2374 16 7 17
2375 1 7 17
2376 1 8
2377 16 7
2378 1 7 4 2
2379 1 9 3 13
2380 6 7 18
2381 1 8 2
2382 1 2
2383 6 15 7
2384 1 2 12 7
2385 6 9 15
2386 9 6
2387 5 2 0
2388 7 16 17
2389 0 1 2 5
2390 9 1 2
2391 1 18 2 4
2392 16 2 7
2393 16 7
2394 1 2 3
2395 0 5 1
2396 10 2 1
2397 4 12 11 17 7
2398 0 2 6
2399 4 6 14 7
2400 4 3 7
2401 16 7
2402 16 7
2403 1 8
2404 1 18 7
2405 10 2 1 7
2406 3 1 9 4
2407 1 2 8
2408 1 8
2409 1 9 2
2410 0 1 7
2411 3 1
2412 3 1 7
2413 1 2 9 3 18
2414 4 3 6
2415 7 9 1 2
2416 3 4 7
2417 3 1 9 2
2418 0 5 1
2419 14 7 4
2420 8 2 7 3
2421 5 4 7
2422 2 1 0
2423 1 2
2424 1 4 7
2425 1 9 13 3
2426 3 14
2427 9 1 3 18
2428 1 2 16
2429 0 1 10
2430 6 7 8 3 18
2431 18 7 2
2432 18 1 7
2433 3 2 1
2434 3 7 6
2435 7 6 18
2436 1 2 0
2437 2 1 0
2438 1 9 8
2439 1 2 4 7
2440 1 4 9 2
2441 1 3 4
2442 14 3 1
2443 1 17 2
2444 2 0 1 5
2445 7 17 2
2446 1 2 5
2447 11 6
2448 4 3 7
2449 1 7 17
2450 1 2 7
2451 1 17 2
2452 16 7
2453 13 14 7
2454 14 13 3
2455 14 13 3
2456 1 2 3 5
2457 8 7 3 4 1
2458 7 4 12
2459 7 12 17
2460 9 1 2 7
2461 9 3 1 7
2462 9 1 3 18 7
2463 12 7
2464 1 2 10 0
2465 1 3 4
2466 7 18
2467 7 16 2
2468 3 7
2469 3 1 7
2470 3 1 4 7
2471 1 2 8
2472 1 2 7
2473 16 7
2474 16 7
2475 16 7
2476 16 7
2477 16 7
2478 16 7
2479 16 7
2480 1 17
2481 6 7
2482 1 7 16
2483 1 2 7
2484 1 2 17
2485 1 7
2486 2 0 1
2487 1 4 2 3
2488 1 4 2
2489 6 7 3 9 4
2490 7 17 6
2491 1 2 7
2492 12 17 11
2493 16 7
2494 6 7 8
2495 10 0 2 1
2496 1 3 4 14 2
2497 1 3 7
2498 1 2 3
2499 1 9 2 7
2500 1 3 4 14
2501 3 1 4
2502 16 7
2503 0 1 5
2504 1 2 7
2505 6 16 7
2506 1 2 3 4
2507 4 2 1 7
2508 16 2 7
2509 0 5 7
2510 3 7 1
2511 4 12 17
2512 3 4 6
2513 1 4 2 3
2514 1 3 9
2515 3 1 7
2516 3 1 7
2517 1 7 2 18
2518 3 1 6
2519 1 2 7
2520 16 7
2521 3 6
2522 3 6
2523 3 1 4
2524 1 8 7
2525 16 7
2526 2 3 1 7
2527 1 17 2
2528 4 1 7 3
2529 1 4 7 3
2530 4 1 9 7
2531 7
2532 4 7 3
2533 1 3 7
2534 3 1 4
2535 3 1 6 7
2536 3 7 6
2537 3 6
2538 9 1 7
2539 9 1 18
2540 3 1 7
2541 9 7 18
2542 4 7 2
2543 1 4 12
2544 1 4 12 17 7
2545 2 4 7
2546 1 8 7
2547 1 9 3
2548 3 6 11
2549 9 1 18 2 7
2550 6 18 7 11
2551 1 17 7
2552 9 1 7
2553 1 0 7
2554 9 1 2
2555 3 7
2556 2 1 7
2557 15 8 9 1 7
2558 9 1 6 18
2559 1 2 8
2560 10 1 7
2561 1 16 7
2562 16 7
2563 3 1 7
2564 1 2 7
2565 1 2 3
2566 1 2 17
2567 4 16 7
2568 1 2 17
2569 1 9 4 2
2570 1 7 2
2571 7 1 16
2572 12 7 13
2573 1 17
2574 3 14 13
2575 1 18 7
2576 1 4 3 17
2577 10 18 1 7
2578 16 7
2579 1 8 3
2580 9 2 1 7
2581 3 6 11
2582 16 7
2583 16 2 7
2584 1 7 8
2585 3 6 11
2586 1 3 7 8
2587 2 1 7
2588 16 7
2589 1 8
2590 1 2 4 7
2591 16 7
2592 7 16 4
2593 3 7
2594 1 4 2
2595 3 4 1
2596 1 3
2597 1 2
2598 3 1 8
2599 9 1 2
2600 1 8 3
2601 9 1 4 3
2602 16 7
2603 16 7
2604 16 7
2605 16 7
2606 16 7
2607 16 7
2608 1 9 2
2609 9 18 7
2610 2 12 7 11 17
2611 1 2 7 17
2612 1 2 7 17
2613 6 7 8
2614 9 10 1 2
2615 3 6 7
2616 1 9 2
2617 6 7 14 15
2618 1 8
2619 1 8 7
2620 12 1 4
2621 8 4 7 1
2622 1 8 7
2623 1 8 19
2624 15 1 8
2625 2 1 7 17
2626 7 1 18
2627 1 7 10
2628 1 3 4
2629 1 9 17
2630 1 4 3
2631 3 7 1
2632 1 3 7
2633 1 16 7
2634 1 2 3
2635 1 4 6 17
2636 1 17
2637 9 4 3 13 7
2638 2 1 7
2639 1 7 9 17
2640 18 10 7
2641 16 7
2642 16 7 4
2643 9 1 3 7
2644 0 2 1
2645 6 11 7
2646 3 9 1
2647 6 5 7
2648 0 1 4
2649 4 6 16
2650 4 6 7
2651 7 15 12
2652 1 7 17
2653 10 1 2 7
2654 10 7 2
2655 3 7 1
2656 1 9 2 3
2657 16 7
2658 16 7
2659 16 7
2660 16 7
2661 16 7
2662 16 7 17
2663 16 7
2664 16 7
2665 16 7
2666 1 17 9 3
2667 1 12 8
2668 12 11 7
2669 1 2 3
2670 7 16
2671 1 4 2 17
2672 1 3 9
2673 16 7 17
2674 16 2 7
2675 16 7
2676 16 2 7
2677 16 2 7
2678 16 2 7
2679 16 7 17
2680 4 1 7
2681 1 4 7 17
2682 1
2683 1 7 17
2684 3 18 7 1
2685 16 7 17
2686 16 7
2687 16 7
2688 16 7
2689 16 7
2690 16 7
2691 1 18 13 17
2692 1 2
2693 1 7 2
2694 16 7
2695 16 14 7
2696 1 2 9 7
2697 0 1 13
2698 1 2 3
2699 0 5 1 2
2700 16 7
2701 7 12 16
2702 16 7
2703 16 7 2
2704 7 16 12
2705 2 16 7
2706 7 16 12
2707 4 11 6 7
2708 4 12 7 11
2709 9 1 8
2710 7 2
2711 16 2 7
2712 16 7 12
2713 2 16 7
2714 0 5
2715 7 16
2716 7 16
2717 2 1 7
2718 2 7
2719 1 2 8
2720 1 9 4
2721 0 1 7
2722 6 0
2723 6 7
2724 9 1 2
2725 1 17
2726 1 2
2727 16 7
2728 16 2 7
2729 16 7
2730 16 7 17
2731 16 17 7
2732 16 7
2733 16 7
2734 16 7 2
2735 16 7
2736 16 7 17
2737 16 7 4
2738 16 7
2739 1 17
2740 4 1 7
2741 1 5 7
2742 1 7 8 6
2743 6 2 0
2744 6 0
2745 16 7 17
2746 16 7
2747 1 2 8
2748 1 2 3
2749 1 2
2750 16 7 4
2751 1 4
2752 1 2 3 7
2753 12 11 7
2754 16 7
2755 16 7
2756 16 7
2757 3 14 13
2758 1 2 7
2759 1 17 7
2760 1
2761 16 7
2762 1 8 3
2763 7 15 14
2764 1 8 13
2765 1 3 2
2766 1 7 8
2767 1 9 3 17
2768 1 9 3
2769 1 9 3
2770 1 17
2771 1 7
2772 1 2 7
2773 0 13 1
2774 7 1 2
2775 7 2 11
2776 7 11 2
2777 7 6 11
2778 0 5
2779 4 6 11
2780 4 6 7
2781 12
2782 4 6 11
2783 1 8 2
2784 4 11 6
2785 4 11 6
2786 7 11 2
2787 0 1 2
2788 0 1 2
2789 7 0 1
2790 0 5 19
2791 16 7
2792 18 1 7
2793 1 0 2
2794 12 11 7
2795 16 7
2796 16 7
2797 16 7
2798 16 7 17
2799 13 1 15
2800 13 1 15
2801 13 1 15
2802 13 1 15
2803 13 1 15
2804 13 1 15
2805 2 7
2806 6 4 7
2807 0 2 1 5
2808 18 7 0
2809 7 16
2810 3 1
2811 1 9 3
2812 16 7 17
2813 16 7 17
2814 16 7
2815 16 7
2816 1 17
2817 4 1 3
2818 1 4 3 2
2819 16 7
2820 4 1 2
2821 12 11
2822 6 7 2
2823 18 2 1 7
2824 1 0 2 5
2825 4 6 11
2826 1 0 2
2827 1 2
2828 2 1 7
2829 7 2 16
2830 6 7
2831 6 7
2832 6 7
2833 16 7
2834 12 2 7
2835 6 7 8
2836 1 7 4
2837 0 5
2838 1 7 2
2839 1 4 7 9
2840 1 9 18 2 7
2841 16 7
2842 16 7
2843 1 17
2844 14 7 3 0
2845 2 0 1
2846 7 15 14
2847 1 8
2848 6 5 4
2849 1 5 7 0
2850 1 7 2
2851 6 0 7
2852 1 2 3
2853 10 1 9
2854 1 9 2 0
2855 1 0 2
2856 1 17
2857 12 11 7 17
2858 16 7
2859 2 1 7
2860 10 1 7
2861 16 7 2
2862 16 7
2863 16 7
2864 16 7 12
2865 16 7 5
2866 16 7
2867 16 7 6
2868 1 2
2869 14 1 7 3 0
2870 4 7 16
2871 15 0 7 9
2872 1 8
2873 9 1 13
2874 4 12 17 7
2875 7 0 4
2876 0 1 7
2877 7 0 1
2878 7 0 2
2879 4 7 16
2880 7 18 1 4
2881 1 2 9
2882 6 4 7
2883 1 2 0
2884 1 2 0
2885 12 4 7 17
2886 2 1 0
2887 16 7
2888 16 7 17
2889 16 17 7
2890 7 12 16
2891 3 4 8
2892 16 7 17
2893 12 15
2894 1 4 9
2895 3 7 1
2896 16 7
2897 16 2 7
2898 10 2 0
2899 1 2 7
2900 1 3 17
2901 9 1 18
2902 1 4 7
2903 1 10 7
2904 1 2 7
2905 16 7
2906 16 7
2907 1 4 2 17
2908 1 2 3 7
2909 15 10 7
2910 6 7
2911 6 7
2912 16 7
2913 6 7
2914 10 1 7
2915 9 4 13 3 7
2916 2 1 3 7
2917 2 16 7
2918 16 7 17
2919 16 7
2920 1 9 7
2921 16 2 7
2922 7 6 12
2923 6 11 7
2924 13 1 7
2925 6 13 15
2926 16 7 13
2927 16 7 12
2928 6 7
2929 6 7
2930 2 13 15 6
2931 10 0 7
2932 1 2 7
2933 1 7 2 3
2934 6 8
2935 1 7 16
2936 1 8 2
2937 1 2 8
2938 1 17 8
2939 1 8
2940 1 2 7
2941 1 17 7
2942 1 16 7
2943 1 7 4
2944 1 2 3 7
2945 1 17 7
2946 1 4 2
2947 1 16 7
2948 1 7 2
2949 1 2 7
2950 1 12 2
2951 1 2 7
2952 2 1 7
2953 4 7 16
2954 1 3 9
2955 18 0 7 8
2956 1 2
2957 2 1 7 16
2958 1 3 14 7
2959 1 0 2 14
2960 1 2 3
2961 1 3 9 2
2962 1 2
2963 1 4 2
2964 1 12 4
2965 1 12 2
2966 2 1 7 17
2967 1 12 2
2968 1 12
2969 1 12
2970 5 14 3
2971 1 2 7
2972 1 2 7
2973 1 3 2
2974 0 1 12
2975 1 12 2
2976 1 4 6 2
2977 1 2
2978 1 2
2979 1 3 2
2980 0 1 2
2981 1 2 12
2982 1 17 2 7
2983 1 8 3
2984 12 10 7
2985 16 7
2986 16 7
2987 16 7
2988 16 7
2989 16 7
2990 16 7
2991 16 7
2992 16 7
2993 16 7
2994 1 2 7
2995 7 1 17
2996 3 1 2
2997 1 2 17
2998 1 9 3
2999 16 7
3000 16 13
3001 16 7
3002 0 2 5 10
3003 1 2
3004 1 2
3005 16 7
3006 16 7
3007 16 7
3008 12 1 7
3009 10 2 0
3010 1 2 3
3011 1 2 8
3012 1 3 9 15 14
3013 1 3 7
3014 1 3 17
3015 1 2 17
3016 16 7
3017 3 1 7
3018 1 18 17
3019 1 2 8
3020 4 3 7
3021 10 0 2 7
3022 0 2 1 5
3023 5 0 2 1
3024 1 2 7
3025 1 2 7
3026 1 2 7
3027 0 1 12
3028 0 1 9
3029 14 3 1
3030 1 2 7
3031 1 2 9
3032 16 7
3033 1 3 17
3034 1 3 7
3035 3 1 7
3036 3 1 7
3037 14 3 1
3038 1 8
3039 16 7
3040 1 2 7
3041 6 13 15
3042 7 13
3043 4 7 2 1
3044 2 13 7
3045 3 1 14
3046 1 3 4 17
3047 1 3 7
3048 3 1 4
3049 3 1 4
3050 1 3 17
3051 10 0
3052 0 1 4
3053 7
3054 16 7 2
3055 16 7
3056 16 7
3057 16 7 4
3058 16 7 1
3059 16 7
3060 12 11 6
3061 2 12 7
3062 1 3 2
3063 1 3 2
3064 1 3 2
3065 12 2 11
3066 0 2 1
3067 1 2 0 10
3068 10 2 1 7
3069 1 10 2
3070 10 1 2
3071 10 2 1 7
3072 15 7
3073 6 18 1 8
3074 16 7 4
3075 7 1 2 17
3076 1 16 7
3077 1 2 10 0
3078 9 1 13
3079 1 0 2
3080 1 3 9
3081 7 2 1
3082 7 2
3083 1 2 7
3084 11 6 12
3085 3 1
3086 1 3 7
3087 2 7 16
3088 3 14 1 4
3089 16 7
3090 1 2 7
3091 16 7
3092 1 3 13
3093 1 2 3 7
3094 1 2 7
3095 1 7 2
3096 1 2 7
3097 7 2 1 17
3098 4 2 1
3099 1 6 7 2
3100 1 0 2
3101 1 2
3102 0 2 1
3103 1 3 13 17
3104 3 1 2
3105 1 3 2
3106 1 7 5 2
3107 1 0 7
3108 16 1 7
3109 16 7 1
3110 1 3 14
3111 1 7 5 2
3112 9 1 2
3113 1 5 7
3114 16 17 7
3115 16 7 17
3116 16 7
3117 0 2 10
3118 3 1 2
3119 9 1 2
3120 9 1 2
3121 1 3 2
3122 1 2
3123 9 1 13
3124 9 1 15
3125 1 16 7
3126 16
3127 16 7
3128 9 8
3129 9 10 8
3130 9 1 8
3131 1 2 9
3132 2 1 7
3133 3 1 14 7
3134 1 2
3135 1 2 7
3136 1 2 9 3
3137 1 2 3
3138 1 7 2
3139 16 7
3140 15 9 7
3141 9 1 3 18
3142 0 1 2
3143 1 7 2
3144 1 3 9 15 7
3145 3 1 2
3146 1 9 2
3147 1 2 17
3148 16 7
3149 1 7 2
3150 1 2 17
3151 16 7
3152 16 7
3153 16 7
3154 16 7
3155 16 2 7
3156 16 7 17
3157 16 7
3158 1 2 3
3159 0 1 7
3160 1 17
3161 16 7
3162 1 2 7
3163 1 2 7 17
3164 1 3 2
3165 16 7
3166 14 6 15
3167 1 3 18
3168 16 7
3169 7 16
3170 7 2 1
3171 14 7 1
3172 3 2 1
3173 3 2 1
3174 16 7
3175 16 7
3176 2 6 1 7 4
3177 3 1 7
3178 1 3 2
3179 2 1 7
3180 1 3 2 7
3181 1 3 7
3182 6 2 7
3183 2 1 7
3184 2 16 7
3185 1 3 7 2
3186 1 7 18 2
3187 1 2 4 3
3188 1 3 17
3189 5 7 14
3190 3 7 1 14
3191 1 4 7
3192 16 7
3193 16 7
3194 1 3 17
3195 5 0 4 1
3196 2 1 0 5 4
3197 5 2 1
3198 1 2 3 7
3199 1 2 3
3200 3 4 1 7
3201 3 7 1
3202 4 2 1 3
3203 1 3
3204 12 17 7
3205 16 7
3206 16 7
3207 2 1 7
3208 7 1 2
3209 0 1 2 10
3210 1 7
3211 1 8 2
3212 5 0 1 2
3213 7 1 2
3214 2 1 7
3215 2 1 0 7
3216 7 6 2
3217 7 2
3218 3 2 7 5
3219 2 1 7 0
3220 1 7 4 2
3221 2 3 1
3222 3 2 1
3223 1 2 4
3224 5 2 7 0
3225 7 16 6
3226 16 7
3227 16 7
3228 16 7
3229 1 3 2
3230 16 7
3231 1 2 7
3232 7 14 3
3233 15 1 9 8
3234 2 1 3 7
3235 3 1 4
3236 3 1 13 4
3237 1 3 7
3238 1 3 2
3239 3 1 7
3240 2 0 1
3241 1 2
3242 14 8 6
3243 9 13 15 7
3244 2 0 1
3245 0 5 8
3246 2 0 7
3247 2 0 7
3248 2 1 7
3249 2 3 13
3250 7 6 2
3251 3 1 12
3252 16 7
3253 16 7 4
3254 16 7 2
3255 2 16 7
3256 2 16 7
3257 2 16 7
3258 16 7
3259 16 7
3260 16 7
3261 3 1
3262 0 1
3263 0 8
3264 0 1 7
3265 0 1
3266 6 7
3267 6 10
3268 6 7
3269 6 7 0
3270 2 0 7
3271 2 4 7
3272 2 0 5 1 7
3273 2 1 0
3274 2 0 10
3275 2 1 0
3276 2 1 0
3277 2 6 7 14
3278 2 3 5
3279 2 1 7
3280 2 1 7
3281 1 4 2
3282 4 18 7
3283 1 7 2
3284 1 2 4
3285 1 4 2
3286 1 2 4
3287 1 4 2
3288 1 2 7
3289 1 2
3290 2 1 7
3291 6 14 11
3292 12 1 4
3293 3 2 7
3294 1 2 17
3295 1 2 7 8
3296 1 5 7 2
3297 2 1 7
3298 14 13 0 7
3299 6 7 0
3300 14 0
3301 14 7
3302 0 13 14
3303 14 7 3
3304 16 7
3305 13 15 14
3306 13 15 14
3307 1 3 2 7
3308 3 1 7
3309 2 1 7
3310 1 2 17
3311 1 2 0 4
3312 1 7 8
3313 1 3 2
3314 1 2 3
3315 0 5 2 13 7
3316 4 2 1 3
3317 12 1 0
3318 2 1 7
3319 0 10 1
3320 1 2 3
3321 3 1 7
3322 3 1 7
3323 12 4 11
3324 2 12 7
3325 3 1
3326 1 3 9
3327 1 2 7
3328 1 2 7
3329 1 2 0
3330 2 1 0
3331 2 12 1
3332 1 2 3
3333 0 9 13 12
3334 16 7
3335 1 2 7
3336 0 4 2 1
3337 1 2 0 7
3338 2 1 7
3339 1 2 7
3340 0 1 7
3341 3 1 7
3342 7 12 11
3343 2 1 7
3344 16 2 7
3345 3 9 7
3346 12 13 1
3347 16 7
3348 7 12
3349 1 2 7
3350 1 2 7
3351 1 2 7
3352 1 7 16
3353 1 7 2
3354 1 4 7
3355 1 9 2
3356 1 7 4
3357 3 2 14
3358 1 7 17
3359 
3360 2 12 7
3361 2 3 7
3362 3 2 14
3363 16 7
3364 16 7
3365 16 7
3366 16 7
3367 16 7
3368 16 7
3369 1 2 9
3370 1 17 2
3371 6 4 7 8
3372 1 7
3373 2 16 7
3374 1 3 2
3375 3 2 1 14
3376 5 10 2
3377 5 0 1
3378 5 0 4
3379 5 4 0
3380 5 0 1 3 4
3381 7 2 1
3382 1 7 2
3383 16 7
3384 1 2 4
3385 0 2 1
3386 0 2 1
3387 0 2
3388 2 3 1
3389 2 3 1
3390 1 3 8
3391 2 3 7
3392 3 1 7
3393 11 12 4
3394 2 1 7
3395 1 7 17
3396 1 7 2
3397 1 7 4
3398 9 4 2
3399 4 12 7
3400 7 14 6
3401 1 18 7
3402 1 18 7
3403 4 3 7
3404 4 3 9 7
3405 4 1 3 7
3406 1 17 2
3407 16 7 1
3408 2 3 7
3409 16 7
3410 1
3411 7 10
3412 6 7 8
3413 6 7 15
3414 1 2 7
3415 1 3 7
3416 1 2 8
3417 7 2 1
3418 3 2 5
3419 16 2 7
3420 16 7
3421 2 1 3
3422 2 1 3
3423 2 3 7
3424 2 3
3425 3 2 4
3426 3 2 4
3427 3 14 7
3428 16 7
3429 7 14 3
3430 3 1 14 7 4
3431 1 17 2 7
3432 3 2
3433 2 4 7
3434 14 7 4
3435 3 2
3436 3 2
3437 2 7 16
3438 0 5 1
3439 2 4 7
3440 1 7 2 4
3441 5 1 2 0
3442 16 7
3443 2 1 7
3444 2 7 6
3445 1 2 3
3446 1 2 9
3447 1 4 17 2
3448 2 16 7
3449 1 2 9
3450 1 2
3451 1 2
3452 2 7 15 6
3453 2 4 1 3 7
3454 2 1 7
3455 7 4 1 2
3456 2 1 7
3457 1 3
3458 2 1 3
3459 2 1 7
3460 1 2 4
3461 1 4 2 3
3462 2 1 3
3463 1 2 9 7
3464 1 2 0
3465 3 1 7
3466 7 3 1
3467 2 4 1 3
3468 1 0 2 5
3469 3 1 7
3470 3 1 7
3471 0 1 2
3472 2 3 7
3473 1 4 3
3474 16 7 13
3475 8 7
3476 8
3477 2 3 7
3478 8
3479 18 12 7
3480 3 6 7 12
3481 8 19
3482 16 7
3483 16 7
3484 3 2
3485 16 7
3486 6 7 14
3487 3 1 2
3488 16 13 7
3489 16 13 7
3490 8 7
3491 16 7
3492 16 7 2
3493 16 7
3494 1 4 2 3
3495 1 4 2
3496 6 0 5
3497 3 6 7
3498 1 2
3499 1 2 8
3500 12 14 7
3501 
3502 1 7 17
3503 1 4 2 3
3504 2 9 1 3
3505 5 1 2 0 10
3506 2 1 3
3507 2 3 7
3508 16 7
3509 7 2
3510 2 1 0
3511 1 4 7 8
3512 1 2 9
3513 1 2 7
3514 1 0 8
3515 1 2 8
3516 1 2 8
3517 1 2 8
3518 7 16 6
3519 1 2 3
3520 1 9 2
3521 1 2 3
3522 1 2 9
3523 1 12 2
3524 0 5 2
3525 1 2
3526 1 2
3527 1 2 7
3528 7 8 3 13
3529 2 7
3530 2 1 4
3531 1 4 2
3532 1 12 2
3533 3 2 7
3534 1 2
3535 1 2 7
3536 1 2
3537 6 5 7
3538 1 4 2
3539 0 2 1
3540 16 7
3541 16 17 7
3542 1 2 12
3543 1
3544 1 12
3545 1 2 17
3546 1 2 7
3547 6 1 2 7 4
3548 1 17 2 7
3549 4 6 5 7
3550 1 0 4
3551 0 1 4
3552 0 1 4
3553 10 2 0
3554 16 7
3555 1 2 8
3556 1 13 2 7
3557 3 2 4
3558 3 4 2
3559 7 16 6
3560 16 6 7
3561 6 7
3562 1 7 16 2
3563 6 15 16 7
3564 1 3 4
3565 1 12
3566 1 2 7
3567 3 1 7
3568 7 14
3569 10 0
3570 0 1
3571 1 14 7
3572 1 9 17
3573 1 9 2
3574 1 2 4
3575 7 16 17
3576 1 2 7
3577 3 4 1 7
3578 7 14 11 2
3579 4 12 11 17
3580 4 12 6 11 7
3581 7 14 2
3582 4 11 6 7
3583 7 6 11
3584 2 7 14
3585 4 12 11
3586 4 12 11 17
3587 4 2 3
3588 4 2 7
3589 12 7 11
3590 4 12 11 17
3591 4 7 16
3592 4 2 7 1
3593 4 7 16
3594 4 12 11 17
3595 4 12 11 6
3596 7
3597 4 12 11 6 17
3598 4 2 7
3599 4 2 7
3600 4 2 7
3601 4 2 7
3602 7 6 11
3603 7 6 11
3604 7 6 14
3605 7 11 14
3606 4 2 7
3607 3 1 7
3608 1 9 7
3609 16 7 6
3610 6 7 15
3611 2 7 14
3612 4 2
3613 4 7
3614 4 2 7
3615 3
3616 1 2 7
3617 16 7 17
3618 16 7
3619 9 1 18 2
3620 1 9 2
3621 16 7 12
3622 1 2 3
3623 0 2 1
3624 0 1 9
3625 0 1 9
3626 12 1 4
3627 9 0 1
3628 12 1 4
3629 12 7 1
3630 18 1 17
3631 1 17 15
3632 10 1 2 17
3633 1 2 17
3634 3 14 5
3635 1 17 2
3636 18 1 17
3637 1 18 17 2
3638 1 9 17
3639 2 1 17
3640 17 2 7
3641 1 2 17
3642 1 17
3643 2 1 17
3644 17 18 1 2
3645 1 7 17
3646 1 17
3647 1 18 17
3648 1 9 2 3 7
3649 1 17 2
3650 1 17
3651 1 17 2
3652 1 17
3653 1 2 17
3654 1 17 7
3655 1 17 7
3656 1 17 2
3657 1 2 17
3658 2 17 1 7
3659 1 17 2
3660 1 10 2
3661 1 18 17
3662 1 2 17
3663 2 1 17
3664 7 16
3665 1 18 17
3666 1 18 17
3667 4 6 11
3668 18 1
3669 7 2 16
3670 16 7
3671 16 7
3672 1 17 15
3673 1 17 7 2
3674 1 17 2
3675 7 16
3676 4 12 11 17
3677 4 12 6 11
3678 15 6 7 16
3679 1 3 2 9 8
3680 1 18 17
3681 1 18 17
3682 1 17
3683 1 17
3684 1 17 5
3685 16 7
3686 9 1 18
3687 2 4 7
3688 2 7 1
3689 1 17 7
3690 16 7
3691 16 7
3692 16 7
3693 16 7
3694 16 7
3695 16 7
3696 9 1 18
3697 1 17 2
3698 3 6 7
3699 3 6 7
3700 3 6 7
3701 16 7
3702 1 2 17
3703 3 5 1
3704 18 0 10 7
3705 10 0 2
3706 0 2 7
3707 1 3 2
3708 0 1 7 5 18
3709 5 0 7 1
3710 1 2 3 9
3711 1 7 2
3712 1 7 2
3713 1 7 17
3714 1 2 7
3715 1 2
3716 0 7 1
3717 1 2 17
3718 2 9
3719 9 2
3720 1 2 17
3721 1 2 17
3722 0 18 1 7 2
3723 0 2 7
3724 9 2 1
3725 1 7 2
3726 1 2 12
3727 7 1 2
3728 17 7
3729 0 1 2
3730 1 7 17
3731 1 7 17
3732 1 7 17
3733 1 7 17
3734 1 7 17
3735 1 17 7
3736 2 1 3
3737 2 1 3 7
3738 2 3 1
3739 1 2 8 4
3740 1 4 2 7
3741 1 3 4 2
3742 1 2 4
3743 1 2 3 7
3744 1 4 2 3
3745 1 12 6
3746 1 2 17
3747 2 4 1 3 7
3748 1 9 17
3749 2 1 3
3750 16 7 2
3751 1 2 17
3752 6 11 7
3753 1 2 17
3754 11 6 7
3755 4 12 11 7
3756 2 0 7 1
3757 15 9 3
3758 1 2 17
3759 1 2 4
3760 2 7 16
3761 6 15 7
3762 16 7 8
3763 1 17 7
3764 2 3 1
3765 4 6 3 14 7
3766 4 10 14 7
3767 1 7 2
3768 2 1 10 7
3769 4 5 1 2 10
3770 15 0 9
3771 1 2 8 7
3772 2 1 7 17
3773 15 7 2
3774 15 9 0 3
3775 0 13 4 1
3776 0 5
3777 0 1 10
3778 1 3 7
3779 3 14 7
3780 16 7
3781 16 7
3782 16 7
3783 16 7
3784 16 7
3785 3 14 7
3786 2 7 6
3787 1 8 7
3788 16 7
3789 1 2 0
3790 14 3 1
3791 4 3 12
3792 7 15 2
3793 12 4 7
3794 12 7
3795 16 7 2
3796 9 18 1
3797 3 14 2
3798 3 14 7
3799 1 2 17
3800 1 2 17
3801 1 2 17
3802 10 1 9
3803 1 8 9 2
3804 3 1
3805 12 17 7
3806 3 5 10 1
3807 5 3
3808 1 3 2
3809 7 16
3810 3 4 1 17
3811 3 4 7
3812 1 3 7
3813 1 2 0
3814 5 3 7 9 0
3815 18 12 7
3816 1 2 0
3817 0 2 1
3818 1 2 9
3819 3 4 17
3820 16 7
3821 8 2
3822 16 7
3823 16 7
3824 4 3 11 6
3825 15
3826 15 7 2
3827 4 7 16
3828 0 1 2
3829 1 6 18
3830 1 0 2
3831 4 1 3 2
3832 2 1 0
3833 4 3 14 7
3834 2 1 0 7
3835 14 4 3
3836 16 7
3837 16 7
3838 16 7
3839 16 7
3840 16 7
3841 16 7
3842 16 7
3843 16 7
3844 1 2 3
3845 4 11 17
