0 7
1 2 4 0 3 10 7 5
2 2 3 5 1 9
4 2 4 1 0 6 5 7
5 5
6 2 5 6 1 0 14 4 7
7 10 9 1 7
8 5 10 3 1 7
9 3 8 1 4 0 7 2 12
10 5 2 7
11 6 3 4 2 9 5
12 2 6
13 2 3 6 8 4 7 12 14
14 2 5 3
15 14 2 3 7
16 5 10 12
17 8 7 3 10 1
18 6 7 8
19 3 8 9 6 5
20 6 8 3 7 10 4
21 2 3 6 14 7 4 5 8
22 10 0 3 6 7
23 2 3 6 7 14
24 5 6 3 2 8
25 6 4 2 3 0 14 7
26 2 8 0 5 7
27 2 7 9
28 2 9 3 1 0 4 5 7
29 6 4 3 7 14
30 6 5 4 13 3 7
31 2 6
32 2 6 7 4 0 12 14 5
33 2 4 1 6 3 7 5 12
34 2 5 7 6 4
35 3 14 5 7 6
36 2 0
37 3 6 9
38 5 7 6
39 2 6 3 7
40 6 8 4 1 0 14 3 2
41 2 1 0
42 2 5 6 1 7 4
43 14 2 3
44 2 9 4 1 3 0 6 7
45 2 5 4 1 0 3 10 6
46 5 6 14 7
47 3 1 5 2
48 2 8 3 7
49 2 3 1 4 6 7 10 9
50 5 3 14 2
51 5 3 2 9 0
52 6 0 7
53 2 6 3 17
54 7 5 2 6
55 2 3 14 7
56 5 6 8 4 9 1 0 3
57 2 5 6 1 14 4 3 7
58 2 5 0 9 4 8 10 7
59 2 1 14 7
60 5 14 2
61 5 6 14 3 7
62 6 2 4 8 7
63 4 3 2
64 2 3 14
65 2 1 3 0 7
66 8 7
67 2 9 5 3 14 0 7 4
68 6 0 3 7
69 2 4 1 6 7
70 2 9 4 1 3 0 7 6
71 5 7 0
72 3 6 7 14 8 4 2 9
73 6 3 4 7
74 2 3 4 7 5 1 13 6
75 2 1 7
76 6 2 14 5
77 2 3 1 6 7 4 9 14
78 2 6 7
79 6 3 7 8 5
80 2 4 1 7 5
81 2 3 1 5 10
82 6 8 4 1 3 12 10 2
83 0 2
84 2 3 14 6 7
85 2 6 3 7 9 4 14
86 3 2 5 4 6 7 1 10
87 9 4 1 3 0 6 8 7
88 3 2 4 6 7 12 14 8
89 3 9 4 6 14 13 7 11
90 2 4 6 8 12 7
91 2 3 4 1 6 0 7 8
92 2 1 3 0 8 7 5
93 2 4 6 3 5 7
94 4 3 7 5
95 2 4 3 0 10 8 13 5
96 2 9 5 0 6 7 3 4
97 6 3 8 4 7
98 4 3 6 8 14 5 7
99 2 4 6 8 5 7
100 2 3 6 7
101 6 4 3 2 14
102 6 2 7
103 2 3 8 7
104 6 8 7
105 2 6 5 7
106 2 8 7
107 8 18 2 7
108 3 4 1 9 5
109 2 3 0 4 6 14 5 7
110 2 0 1 10 7
111 5 14
112 5 9 0 14 2
113 5
114 2 4 1 3 6 8 7
115 7 14
116 2 4 1 8 7
117 2 3 12 7
118 5 14 7
119 6 3 7
120 5 10 1
121 2 7
122 5 6 8 4 14 3 12 2
123 6 8 4 3 2
124 2 3 7
125 5 4 3 6 7 1 2 14
126 2 1 3 4 7
127 2 7 12
128 3 5 1 4 7 10 9 2
129 3 4 14 6 0 7 9 12
130 4 3 6 2 5
131 2 6 1 5 7
132 5 14
133 6 3 7
134 4 6 17
135 2 3 8
136 2 9 4 1 0 3 10 7
137 5 1 0 8 2
138 2 3 6 8 7
139 7 12 1 4
140 3 6 2 5 8 0 4 1
141 2 5 3 4 1 6 7 14
142 5 3 2 1
143 4 3 5
144 3 5 14 4
145 3 4 2 6
146 14 7
147 5 7
148 2 4 3 1 14 7 9 5
149 7
150 2 1 0
151 2 6 4 7 3 14 0 1
152 2 9 1 3 0 10 8 7
153 6 7
154 2 6 7
155 6 0 10 8
156 2 8 0 10 7 12 6 1
157 2 1 0 6
158 2 6 3 4 1 7
159 6 7
160 7 8
161 7 6 3 0
162 2 9 4 3 0 6 7 14
163 5 0 7 1 8 10
164 2 4 14 6 7
165 2 3 1 8 7 4 16 10
166 2 9 6 3 7
167 2 0 5
168 2 9 1 3 0 4
169 2 3 7 8
170 6 4 9 0 2 8 5 7
171 6 2 3 4
172 4 6 7
173 2 3 1
174 4 6 3 7 14 2 8
175 2 0 1 18
176 2 5 4 1 6 3 7 9
177 2 0 12 1
178 5 6 3 0
179 5 0 1 7 6 16 2 3
180 5 0 3 10
181 2 3 7
182 6 1
183 6 7 4
184 7 0 2
185 3 2 4 1 5 7
186 5 6 7 4 16 2
187 2 3 14 6
188 2 3 7
189 2 4 1 5 7
190 2 7
191 7 5
192 5 2 14 6
193 5 6 4 3 2
194 6 8 0 3 7 1
195 5 4 3 8 14 1
196 2 3 4 5 6 7 1 0
197 16 7
198 2 6 4 8 3 7 9 0
199 6 8 1 5
200 4 6 3 7 8 11 5 2
201 6 7 4
202 3 4 2
203 5 2 7
204 3 5 2
205 2 5 3 6 7
206 2 3 6 8 14 7
207 1 0 6
208 0 2 10 7
209 5 8 4 13 9 0 3 2
210 6 14 3 5 7 4
211 2 6 3 4 7 12 14 8
212 6 2 7 4 3 0 1 8
213 2 3 4 14
214 6 1 0 4 3 10 7 8
215 2 3 1 4 0 7 6 10
216 2 3 0 6 14 5 7 11
217 3 6 1 5 2
218 5 4 9 6 7
219 2 0 10 7 8
220 2 0 5
221 5 2 0
222 3 2 14
223 2 6 0 1 5 7
224 9 2 6 7 4 0 12 14
225 2 5 6 14 10 4
226 0 2 6 5 8
227 6 0 3
228 7 6 14 12
229 12 7
230 5 2 0 7
231 5 2 3 8
232 9 6 7
233 5 6 8 4 9 1 3 2
234 2 3 6 7
235 3 2 0 7
236 3 2 5
237 2 3 7
238 4 5 6
239 2 3 6 8 7
240 7
241 5 0 2 8 10 7 1 4
242 2 5 0 6 10 7
243 2 3 6 0 12 7
244 2 3 7
245 2 4 6 14 7
246 6 4 3
247 14 6 3 7
248 5 2 6 4 3 1 7 0
249 6 2 9 5 7 3
250 2 6 5 7
251 7 4 3 2 6 14 0 1
252 2 3 0 6 14 5 7 4
253 14 5 6 4 3 2 0 8
254 4 3 6 7
255 3 5 2 6 4 1 7 17
256 6 7
257 2 4 0 5 7 9 3 1
258 6 8 7 2
259 2 1 10 8 7
260 6 3 7
261 5 0 4 1
262 2 6 3 7 4 14
264 3 5 7
265 6 4 9 1 0 3 10 2
266 3 6 4 2 0 12 7 5
267 8
268 0 10 4 8 12 3
269 2 9 4 3 0 8 7 6
270 2 9 10 7
271 2 1 8 7 0
272 2 0 3 1 14 5 7 4
273 2 6 14 5
274 2 1 8 7
275 6 14 12
276 2 3 6 14 7
277 2 13 7
278 6 14 7 2 3 4 0 10
279 2 7 1 10 9
280 2 3 1 10 14
281 2 5 6 7 8 16 10 17
282 2 4 3 0 10 8 5 7
283 2 3 6 14 7
284 2 3 1
285 2 6 3 7
286 6 7
287 1 8 3
288 6 14 3 7 4
289 3 14 6 4 7
290 2 9 0 3 6 14 5 7
291 2 6 7 4
292 6 8 11 1 0 3 7 4
293 2 6 0
294 0 10 14
295 5 2
296 4 6 7 5 9 3
297 5
298 5 2
299 7 2 17 12 4 5 3 6
300 7 6 14 2
301 3 2 4 1 18 7 9 10
302 3 6 14 7
303 2 1 9 3
304 3 7 4 6 14 8 9 2
305 2 4 1 3 0 10 5 7
306 2 6 0 7
307 6 14 2
308 2 4 3 6 14 5 7 11
309 2 3 4 6 7
310 4 7
311 6
312 2 3 4 1 8 0 9 7
313 2 7 6
314 5 6 3 2 4 14
315 2 5 7
316 4 3 2 7
317 2 1 3 0 14 12 5 7
318 2 3 6 8 7
319 0 7 1 10 5
320 6 2 7
321 2 3 5 6
322 3 1 2
323 6 14 5 7
324 2 5 1 0 7
325 2 5 4 1 6 7
326 2 3 4 1 7 8 6 5
327 2 5 7
328 2 1 0 7
329 2 4 1 12
330 8
331 1 10 6
332 8
333 2 3 4 9 6 7 8 14
334 2 16 7
335 5 2 3 7
336 3 0 10 5
337 2 4 6 7
338 6 11
339 6 2 7 14 5
340 2 4
341 2 0 3
342 2 3 6 7
343 5 8 0
345 5 0 9 7 13 1 4 2
346 2 1 0 7
347 18 7
348 5 7 4 0 10
349 2 3 5
350 2 1
351 2 4 6 8 3 5 7
352 7
353 3 1
354 2 3 8 6 14 7
355 2 5 0 3
356 2 3 8 5
357 2 1
358 6 7 11
359 1 8 2 7
360 2 3 8 7
361 2 1 3 7
362 2 9 1 3 18 14
363 2 3 1 4 12 8 0 7
364 9 1 2
365 2 3 4 6 8
366 8 4 16 1 14 3 10 2
367 9 1 6 3 0
368 3 5 4 1 14 2 6 7
369 2 9 3 5 7
370 2 9 3 0 1 14 7 10
371 2 3 1 4 7
372 2 0 5 7
373 3 7 4
374 3 9 8
375 2 0 9 4 12 5 7
376 5 6 2 10 7
377 2 3 1 5 9 8 0 7
378 3 9 1 4 14
379 0
380 2 3 6 8 7
381 2 9 1 0 5
382 5 7
383 7
384 3 1 2 6 9 4 0 7
385 2 6
386 2 3 4 12 6 7 5 8
387 2 4 1 3 10 8 5 17
388 1 3
389 2 3 6 8 7
390 3 4
391 7
392 5 3 2 7 4 6 0 1
393 7 3 18 10 4 6 8 2
394 5 4 1 2
395 10 3
396 2 9 0 18
397 1 3
398 2 3 1 0 7 8
399 2 7
400 2 3 0 10 5 7
401 2 3 6 7
402 2 1 10
403 3 2 4 9 14
404 7
405 3 2 7 4 1
406 9 5 3 4 14 2 8 1
407 1 14
408 5 6 7 4
409 2 1 10 7
410 2 1 3
411 2 3 7 4 6 0 9 17
412 7
413 5 6 3 10 1 4 0 7
414 3 4 6 8 2 7 14 10
415 2 3 7 10
416 2 1 3 4 7
417 5 14 2 1
418 2 1 3 14
419 2
420 2 3 4 1
421 2 8 7
422 5 6 4 13 1 0 3 2
423 14 7
424 2 6 10 4 18
425 2 3
426 2 4 3 12 11 7
427 7 8 4 16 3 2
428 4 9 12 7
429 9 3 10
430 4 2 6 3 7 17
431 2 3 4 7 6 8
432 5 4 3 2 6
433 6 3 7 4 8 9 2 14
434 3 4 1 8 14
435 3 1
436 2 8 7
437 3 1 9 4 2
438 2 1 0 7
439 2 3 8 6 7
440 2 1 3
441 2 4 6 8 14 7
442 4 3 6 7
443 2 4 1 3 0 8 7 17
444 2 3 7
445 2 3 9 1 4
446 3 1 5 8 2 9 7 0
447 2 1 3 8
448 2 3 4 6 7
449 1 3 12 7
450 3 4 6 14 7 8 9 12
451 6 4 3 2
452 3 1 4 5 8 6 2 7
453 5 9 2 6 8 4 1 3
454 2 1 8
455 2 14 7
456 8 1 9
457 3 2 4 6
458 3 14 7
459 2 8 14
460 6 14 7
461 2 10
462 2 7
463 2 3 8 5
464 2 10 3 4 1 7 14 8
465 4
466 7 4 3 2 9 1 14 16
467 1 3 2
468 2 3 4 16 1 7
469 2 0 3 10 18 1 7 10
470 2 7
471 2 3 17 7
472 6 3 4 2
473 2 1 4 0 3 7
474 10 8
475 3 1 9
476 9 6 4
477 2 1 8 0
478 2 9 4 3 0 10 6 14
479 1 5 7
480 2
481 2 4 1 3 0 10 5 7
482 6 5 7 1 2
483 3 5
484 3 8 6 18 13
485 2
486 2 7 14
487 2 3 1 8 4 14 0 7
488 9 4 1 0 3 8 5 7
489 2 3 5 4 1 0 10 7
490 5 3 7
491 8
492 3 2 4 6 12 7 11 5
493 2 3 8 4 1 5 0 7
494 5 1 0 2 4
495 7 12 4 2 17
496 5
497 2 4 0 6 7
498 2 13 7
499 2 3 4 12 8 6 7 1
500 6 8 1 3 7 0 4 9
501 4 2 6
502 9 4 1 3 0 6 13 5
503 4 3 7
504 9 1 0 7
505 5 0 7
506 2 3 4 8 7
507 0 5
508 2 9 6 3 7
509 2 5 1
510 2 9 1 3 5 17
511 2 4 1 0 3 7 5 14
512 3 2 1 6 9 7
513 2 9 8 10 1 5 4
514 3 4 2 9 1 10 8 7
515 2 9 1
516 5 6 4 9 1 3 2 14
517 3 14
518 1 10 2
519 1 2 8 7
520 3 2 6
521 9 3 5
522 4 3 1 8 9 7 12 6
523 2 8 1 9
524 2 1 3 7
525 1 2 3
526 7
527 4 1 0 3 8 6 14 7
528 8 2 7
529 5 2 0
530 2 9 3 0 5
531 3 8 1 2 9 4 7 10
532 2 7 1 3
533 7
534 5 7
535 5 6 8 4 3 10 2 7
536 2 7 4 10 15 1 3 0
537 12 7 4
538 2 4 5 7
539 2 3 1 9 4 0 10 7
540 2 5 6 3 1 4
541 3 7 12 13 6
542 2 6 14 7
543 2 3 14 7 1 6 8 9
544 2 1
545 6 7
546 2 3 1 0 14 7 4 9
547 2 3 1 7 9 14 0 4
548 7
549 2 1 7
550 2 3 6 7 5 13
551 3 1
552 2 4 3 7
553 1
554 2 3 4 6 7 14
555 4 2 11 7
556 6 4 3 2 7
557 1 3 8 9 2 10 4 7
558 5 6 4 1 0 14 3 2
559 4 6 14 2 7
560 2 1 3 7
561 9 3 1 4 8
562 2 9 8 0
563 1
564 7 8 14
565 3 1 13 7
566 2 9 4 3 0 10 8 7
567 3 1 0 4 2 8 5 10
568 2 3 7
569 0 2
570 6 7
571 2 7
572 1 3 9 14
573 2 9 1 3 0 14 5 7
574 7
575 2 3 6 8 0 5 7 14
576 2 9 4 3 0 6 8 7
577 4 3 7
578 2 3 4 1 6 8 7 14
579 3 1 18 9
580 4 3 6 8 7
581 5 3 2 7
582 10
583 8 10 0 2
584 3 1 7
585 3
586 2 9 1 3 0 8 7 17
587 2 1 3 4 9
588 1 8 3 14 2 7
589 3 5 1
590 2 4 3 1 5 12
591 3 2 6 7
592 2 4 6 3 7
593 3 14 2 4 8 6 7 1
594 3 1
595 2 1
596 5 9 14 4 6 2 0 7
597 3 4 1 9
598 3 0 17 7
599 3 2 1 12 7 8
600 2 9 4 1 3 0 10 7
601 3
602 7 14 6
603 2 1 3 9
604 3 1 5 8 7 10
605 3 1 2 8 9 7
606 2 8 6 7 14 4
607 3 4
608 6 3 2 8 7
609 9 3 1
610 2 1 9 7
611 3 1 4 6 7
612 15
613 2 1 8 7
614 2 1 9 3
616 3 7 14
617 2 4 1 3 10 8 7 9
618 1 3 2
619 9 1
620 4 3 2
621 2 4 3 0 6 7 12 5
622 3 2 1 7
623 2 1 6 3 7
624 3 8 9 7
625 7
626 3 9 1 4
627 5 6 4 1 3 2 7 14
628 2 9 3 1
629 14 3 7
630 2 1 3 4 9 0 8 7
631 2 3 9 4 12 1 14 7
632 13 6 7
633 3 7
634 3 4 7
635 9 4 3 2 6 15
636 2 1 9 10 7 8
637 6 7
638 3 2 1 7
639 1 8 7
640 4 1 3 6 14 7
641 1 2 7 6 13
642 7
643 5 2 1
644 3 4 1 2 9 7 5 10
645 2 3 5 4 0 9 14 7
646 2 3 4 7 1 17 5 12
647 10 6 3 5 14
648 2 1 3 9 7
649 2 3 1
650 5 0 2 10
651 9 1 3 8 7
652 2 3
653 5 6 1 0 14 2
654 10 2 0
655 2 1 7
656 2 3 1 4 6 8 7 14
657 5 2 3 6
658 5 6 4 1 14 3 2
659 1 8 2 4
660 2 3 1 5
661 3 1 4 7
662 7
663 3 1 2
664 2 5 3 0 8 7
665 10 0
666 9 18 3 14
667 4 6 7
668 5 4 1 3 2 8 10 9
669 9 1 3 10 2 17
670 2 1 8 0 6 7 3 4
671 2 1 8 3 9 10
672 4 12 6 3 7 9 14 11
673 2 4 3 0 8 7 5 6
674 8
675 3 1 2
676 2 1 8 0 7
677 2 4 12 7
678 2 3 4 1 8 6 7 17
679 6 8
680 7 5 3 2
681 10 2
682 6 3 9 0 4 14
683 2 3 0 14 7
684 7
685 5 2 0
686 2 3 4 0 7 1 6 14
687 5 9 14 7 4
688 3 1 7
689 9 2 4 3 1 0
690 3 2 8 6
691 5 2 3
692 2 8 7
693 8
694 1 10 2
695 7 6 3 0
696 3 1 4 2
697 2
698 8 9 2 7
699 3 1 4 2
700 2
701 3 5 4 2 1 9 7
702 6 7 14 4 3
703 2 3 4 1 6 14 7 5
704 3 6 7
705 9 0 10 6 3 7 4 2
706 2 3 4 8 9 5 14 12
707 4 3 8 2
708 5 1 3 4 6 2 10 7
709 2 3 7 6
710 3 2 1 5 4 8 14 7
711 2 3 8 7 6 0 14 4
712 2 3 1
713 2 1
714 8
715 5 10 0
716 4 3 6 14
717 2 9 8 3 1 4 6 7
718 2 5 6 3
719 2 3 7 4 6
720 6 4 12 9 3 7
721 2 7
722 2 9 4 3 0 8 6 7
723 4 6 7 5
724 5 9 2
725 3 9 1 0 4 7 16 5
726 2 3 4 8 1 5 7 0
727 5 2 0
728 2 9 6 7
729 2 3 5 9 1 0 4 14
730 6 3 7
731 2 10 0
732 2 3 4 1
733 5 4 7 6
734 1 10 0 3
735 2 3 1 7
736 2 3 6 1
737 5 3 2 7 10 9 8 1
738 8 4 1 0 3
739 2 3 1 0 5 8
740 2 0 10 5 4 8 12
741 2 5 3 1 7
742 2 3 1 8
743 2 4 1 8 7
744 2 3 1 8 10 4 5 7
745 1 2
746 3 5 6 2 4
747 7
748 2 9 4 3 0 6 5 7
749 1 7 3
750 2 6 3 4 7 8
751 10 1 3 9
752 2 4 3 8 5
753 2 8 9 4 3
754 2 5 7 6 4 0
755 2 3
756 2 4 3 0 10 7 5 6
757 1 2 9
758 2 4 8 18 7 5
759 5 2 3 1
760 2 1 6 7
761 2 4 3 6 8 14 7 11
762 2 3 7
763 3
764 2 9 3 0 10 8 14 5
765 2 9 1 12 7
766 2 3 1 7
767 2 5 1 3
768 9 3 1 7 14
769 3 5 6 2 0
770 2 1
771 3 2
772 2 9 1
773 2 3 4 1 8 0 10 7
774 6 3 4 5
775 1 9 3 10
776 7 3 4 6
777 8 2
778 2 8 7 1
779 2 9 4 1 3 0 6 7
780 8 12 7
781 2 4 3
782 4 1 3 0 12 7
783 3 2 4 5 1 7 8 6
784 5 6 9 1 0 14 3 7
785 2 8 1 7 17 3 12 4
786 3 1 7
787 2 1 3 4
788 3 8 2
789 4 3 7 2 12 6 5 17
790 2 3 5 1 8
792 2 3 8 1 7
793 2 1 7
794 2 3 8 5
795 9 4 3 2 7 1
796 3 2
797 2 3 1 8
798 2 8 0 10 7 4 3 1
799 7 12 8 3
800 4 5 6 7
801 3 5 2 9 4 0 6 7
802 2
803 1 2 3
804 2 1 8 6 7
805 6 3 2 7 4
806 3 2 1 14 9 4 0 7
807 2 1 12 17
808 2 7
809 4 9 3 1
810 2 3 1
811 2 10 4 7 14
812 2 4 1 3 6 5 7 12
813 1 3 9 4 2 8 7 17
814 7
815 5 4 2 6 3 9 8 7
816 4 1 5 7
817 9 4 1 3 0 5 7
818 2 1 3 0 8 7 5 17
819 5 2 0 10 18 14 4
820 7 8 4 14 3 2
821 9 1 3
822 2 3 4 5 6 9 8 7
823 4 8 7
824 4 6 7
825 1
826 2 14 4 7
827 4 1 3 2 7 8 6 5
828 2 1 3 7
829 2 9 4 1 3 0 6 7
830 2 3
831 2 3 10 5 17 7
832 1 8 5 9 0
833 5 3
834 16 7 3
835 2 1 8 3
836 2 1 3 7
837 3 1 9
838 3 1 9 2
839 4 8 3 5 6 7 1 11
840 2 5 1 3 4
841 3 1 2
842 2 3
843 8 12 3 7 14
844 5 6 4 3 7 1 0 12
845 2 4 8 7 11 17
846 4 9 1 3 6 5 2 12
847 2 3 4 1 14
848 7 14 6
849 2 3 4 1 12 7
850 3 7 9
851 1 2 4
852 2 1
853 5 2 3 9 8
854 2 3 4 7
855 2 9 5 3 1 0 10 8
856 2 6 4 3 12 11
857 2 9 0
858 6 9 7 3
859 2 3 4 1 9 5 6 7
860 3 8 4
861 2 3 5 6 8 4 9 7
862 9 4 1 0 10 7
863 2 1 18 7
864 3 4 1 9 6 7 8 17
865 6
866 2 1 0 7
867 4 3 2 8 12
868 2 4 6 7 5
869 6 8 4 13 1 0 3 2
870 2 3 9 1 8
871 1 3
872 2 3 6 7
873 8 1 7 2
874 2 3 0 5
875 2 1 3 9 14 10 5 7
876 2 1 3 7
877 2
878 2 4 1 3 6 8 7 5
879 3 2 4 1 5 6 8 7
880 5 2 3 10 8 7
881 2 3 8 7
882 2 1 9 8 3
883 2 9 3 7
884 1 3 7 14
885 8 1 2 7
886 2 8 3
887 9 1 3 4
888 3 2 6 8 4
889 2 9 4 1 6 3 7
890 2 1 3 4 8
891 2 3 1 7
892 2 3 1 5 7
893 1 2 10 7
894 2 9 3 8 7
895 2 3 4 1 7
896 7 1 3 2
897 2 3 6 14
898 3 1 8 4 12 7
899 9 6 3 2 7
900 5 10 2 1 12 7
901 2 16 3 4
902 9 8 7
903 2 4 3 6 7
904 9 8 18 3 5 15 7
905 2 3 4 6 8 0 7 9
906 2 3 5 7
907 2 4 0 7
908 2 1 3 8 14 7
909 3 14 2 5
910 5 6 4 9 3 2
911 2 9 4 8 7
912 2 3 6 7
913 7 8 2 1 17
914 5 6 8 4 0 3 10 2
915 3 2 4 8 12 5 7 17
916 2 3 1 9 7
917 5 14 3 4
918 3 1 9 5 8 2
919 2 3 1 9 4 5 10 7
920 2 9 3 0 10 4 1 7
921 5 3 2 4 1 0 9 8
922 2 1 3 10 18 14 5 7
923 2 3 1
924 3 1 7
925 6 2 4 7
926 3 6 7 4 9 1 0 16
927 2 9 3 4 7
928 1 3 8 7
929 9 1 14 12 7
930 3 2 9 1 4 8
931 0 5 4
932 2 9 4 1 3 0 7 17
933 3 1 4 2 0 5 10 7
934 2 3 8
935 6 8 1 3 2
936 1 3 0 6 10 7 9 4
937 3 2
938 3 2 5 4 7
939 2 6 7
940 2 3 7
941 3 1 4 8 9 2 14 7
942 1 2
943 4 2 6 7 8 3 5 1
944 3 1 10 18
945 2 3 1 4 0 14 7 5
946 2 5
947 7 8 3 6 10 4
948 3 4 6 2 7
949 2 4 0 9 6 5 7 3
950 7 4 1 0
951 2 4 6 7
952 2 6 8 5 1 7 9 4
953 3 1 9 4 10 0 5 7
954 2 3 9 6 4 7
955 3 7 13
956 3 14 7
957 2 9 4 1 0 12 7
958 2 3 1 8 9 4 7 14
959 7 4 10
960 3 2 4 5 6
961 2 1
962 6 4 5 2 3
963 9 3 1 14
964 12 7 6 1 0
965 5 3 8 1 0 4 6 2
966 9 1 8
967 1
968 7 1 3
969 3 2
970 2 7
971 7 8
972 5 3 7
973 3 2 4 7 14
974 3 2 4 0 1 10 8 7
975 2 9 1 3
976 3 8 7
977 1 18 7
978 3 4 8 6 12 7 9 1
979 5
980 5 6 4 9 1 3 2 7
981 6 1 14 7
982 18 9 10 7
983 9 3 8 5
984 3 6 7
985 2 9 4 1 3 0 8 7
986 1 3
987 1 3 4 5
988 7 3
989 4 3 1 14 8 9 7 6
990 2 10 7
991 2 3 9 4 1 7
992 2 1 7
993 3 2 9 1
994 2 3 1
995 3 4 2
996 2 1 3 6 14 7
997 15
998 5 2 0 10 1 9
999 2 7 1 16
1000 2 6 3 5
1001 5 2 9
1002 2 5 7 4 3 6 14 17
1003 2 5 14 4 6 3 7 1
1004 5 2 3 6 7
1005 2 3 6 9 4 7
1006 5 0 3 6 4
1007 3 10 1 7 14
1008 1 3
1009 2 0 1 10 12 17
1010 16 7 3 1
1011 2 9 4 1 0 10 7 3
1012 4 2
1013 2 1 7
1014 3 1 2 12 17
1015 2
1016 2 3 5
1017 2 1 7
1018 2 7
1019 2 3 14 4 7 1 9 12
1020 3 9 1 2 4 14
1021 2 3 5
1022 2 4 1 3 0 6 8 7
1023 2 8 3 7 14
1024 5 4 3 1 8 7
1025 2 10 3 14 5
1026 3 2 5 6 8 4
1027 2 3 1 9 8 7 4 18
1028 3 14 7
1029 4 9 8
1030 2 4 3 0 8 14 5 7
1031 2 8 7 1 3 10
1032 2 9 1 3 8 7 4 17
1033 3 2 4 1 8 5 6 7
1034 2 5 4 3 0 7 1 14
1035 2 3 1 5
1036 5 4 2 1 3
1037 8 3 9 6 14
1038 3 2 7
1039 2 4 1
1040 2 3 1
1041 2 10 3 5
1042 2 1
1043 2 1 3 7
1044 4 7 12
1045 7
1046 3 1 10
1047 5 1 3 0 7 14 8
1048 5 4 9 1 0
1049 3 5 7
1050 1 3 9
1051 2 0 3 1 7 14 5 10
1052 3 9 1 4 0 6 18 5
1053 5 6 4 1 0 3 2 7
1054 14 12 7
1055 5 6 9 1 3
1056 1 3
1057 3 2 1 4
1058 3 6 5 7
1059 13
1060 2 3 4 6 5 7
1061 2 1 5 4 3
1062 5 6 2 0
1063 2 3 6 7
1064 6 2 8
1065 4 6 7 3
1066 2 5 8 7 6
1067 2 5 0
1068 2 1 3 8
1069 2 1 3 7
1070 4 0 12 9 10 7
1071 5 2
1072 2 1 9 18 3
1073 2 7 12 6
1074 2 1 9 4 3
1075 9 7
1076 6 18 1 3 14
1077 2 3 1 6 7 4 14 8
1078 2 14 7
1079 2 3 1 4 5 12 7 17
1080 4
1081 2 1 3 8 7
1082 2 3 8 6 17
1083 3 1
1084 3 5 6 4
1085 4
1086 3 4 2 8 7
1087 2 3 8 5
1088 4 3 8 14 7
1089 2 3 10 5
1090 2 9 3 1 4 10 7 14
1091 2 3 1
1092 2 1 5 10 17
1093 1 3 9 12 14
1094 3 1 8 2
1095 5 4 9 3 2 6 14 0
1096 3 2 7
1097 2 0 9 1 3
1098 2 0
1099 2 3 1
1100 3 5 12 7
1101 4 9 1 3 0 10 14 7
1102 2 3 1 9 0 4 7 14
1103 2 3 1 6 8 9 4 7
1104 2 1 9 0
1105 1 9 2 8
1106 3 4 6 14 7
1107 2 1 17
1108 7 1
1109 2 3 8 1
1110 3 4 2 1 8 9 5 10
1111 3 9 2 5
1112 3 1 9 8
1113 5 6 9 1 0 3 10 2
1114 2 10 8 1 7
1115 1 2 8 6
1116 2 1 8
1117 2 1 3 14 6
1118 1 9 2 14
1119 2 8 3
1120 2 3 1 8 4 9 10 7
1121 2 1 3 10 7
1122 1 2 3 0
1123 2 3 1 4 14
1124 2 9 3 1 4 8 6 7
1125 3 2
1126 5 7 18
1127 2 4 6 10 5 7
1128 9 1 0 3 18 14 7
1129 4 6 12 7 2
1130 2 3 4 5 7
1131 2 5 1 3 10 8 7 4
1132 2 9 4 3 6 7 5 13
1133 2 5 3 7 1 8
1134 8 3 9 1
1135 4 2 10 7
1136 8 1
1137 3 1 2
1138 5 4 1 3 6 7
1139 2 5 3 1 4 0
1140 1 3 2
1141 2 6
1142 2 1 3 14
1143 1 2
1144 5 3 14
1145 2 5 6 3
1146 2 10 9
1147 5 8 3 1
1148 4 5 7 9 6
1149 4 9 3 7 12
1150 1 3 0 7
1151 5 2
1152 2 4 1 3 0 9 7 16
1153 2 3 1 7
1154 3 7 8
1155 2 7 17
1156 1
1157 2 5
1158 9 4 1 3 0 10 7 5
1159 2 3 1 6 7
1160 2 9 1 3 8 7
1161 2 5 1 0 3 6 4 10
1162 14
1163 3 1 4 0 5 9
1164 5 1 3
1165 2 3 4 1
1166 2 8 7 1 0 16
1167 1 3
1168 2 9 1
1169 5 1 2 3
1170 2
1171 2 3 1 0 4 8 7 6
1172 2 9 4 1 3 0 7 14
1173 3 1
1174 9 3 8 7
1175 3 4 8
1176 3 4 8 5 6 13 7 1
1177 2 1 10 3
1178 7 18 3
1179 2 3 8
1180 1 3
1181 2 3 4 1 8 7
1182 2 3 8 14 6 7
1183 3 5 2 1
1184 2 3 6 8 7
1185 2 10 9
1186 3 9 2 1 8 0 4 10
1187 2 9 1 3 4 7
1188 2 5 6 0 7
1189 3 2 6 1 7
1190 2 12 7
1191 2 1 3 0 8 7
1192 2 1 3 8 7 10
1193 2 8 7 3
1194 2 9 4 1 3 0 14 7
1195 2 7 16 10
1196 2 1 3 0 8 14 7
1197 7 2 4 1 18 12 16
1198 2 3 8 6 7 4 1
1199 5 2 3 4 0
1200 5 6 8 14 7
1201 5 4 9 14 2 0
1202 9 3 14
1203 2 12 5 4
1204 2 3 7
1205 2 5 9 6 7 4
1206 2 3 4 0 1 11 7
1207 2 3 8
1208 4 9 10 1 8 15
1209 2 4 3 14 7
1210 6 7 4 11 3
1211 9 3 8 13 14 15 7
1212 10 2
1213 2 9 7 6
1214 2 9 3 0 10 8 12 5
1215 2 9 1 3 0 10 8 7
1216 2 3 6 8 7 4 9 1
1217 2 3 1
1218 2 9 1 10
1219 7 18 2
1220 5 6 8 4 3 2
1221 6 8 4 12 2 7
1222 10 6
1223 3 4 9 8 1 2 0 7
1224 4 6 3 5 10 12 14 7
1225 2 3 1 6 7 4 12 5
1226 2 0 5
1227 8 1 3
1228 6 8 1 7
1229 2 3 7 4 1 6 9 18
1230 2 3 4 0 6 7 8 12
1231 3 14 5 6
1232 2 8 1 10 7 3
1233 3 4 2 1 8 5 6 7
1234 4
1235 6
1236 3 4 2 1 14
1237 2 4 1 0 6 8 7 12
1238 4 6 3 9 2 7 11 14
1239 6 4
1240 3 4 2 1 12 7 9 6
1241 2 1 3 8
1242 3 1 2 9 4
1243 10 1
1244 2 14 7 8 4 3
1245 8 0 5
1246 2 3 4 1 8 7 6 14
1247 2 3 7
1248 6 12 7
1249 7 16 4 5
1250 2 6 3 8 7
1251 7 4 12 2 6 11
1252 6 4 3
1253 4
1254 5 3 8 6 7
1255 6 4 2 5
1256 2 3 1 4 14 9 7 6
1257 3 4 6 14 2 1 8 7
1258 4 12 6 8 14
1259 2 4 1 3 0 8 7 5
1260 2 7 4
1261 2 10
1262 2 9 4 1 3 0 8 7
1263 4 5 6 7 8 12 2 3
1264 3 4 9 0 2 6 7 1
1265 2 12 7 3 6
1266 7 3 12 8 14 2 1 4
1267 1 8 5
1268 7 4 0 12 6
1269 2 1 7
1270 1 0 17
1271 5 6 2 1 0 3 4 7
1272 2 4 1 9 8 7
1273 2 3 9 0 8 7
1274 2 1 7
1275 2 1 3 8 14 7
1276 2 1
1277 2 3 8 7 6 4 14 5
1278 5 4 8 3 1 6 7 10
1279 6 14 7
1280 2 3 1 4 7
1281 2
1282 7 4 3 12 2
1283 7 3
1284 3 2 4 1 7 8 12 6
1285 4 9 6
1286 2 1 3 7
1287 2 1 3 7 4
1288 5 4 3
1289 2 3 0 7
1290 3 4 2 12 7
1291 9 1 3 8 4 2 5 7
1292 3 2 8 4 14 7 5
1293 2 5 8 3 4 6
1294 2 3 4 8 7
1295 2 6 3 4
1296 2 4 1 8 9 7
1297 6 8 4 3 7
1298 2 6 7
1299 2
1300 3 2 6 8 4 1 7 5
1301 2 14
1302 5 1
1303 3 2 1 0 14 7
1304 18 3 1 7
1305 4 12 7 8
1306 2 4 1 6 7
1307 2
1308 3 1 4 8 12 7
1309 2 3 12
1310 2 9 4 1 3 0 10 7
1311 3 4 6 7 1 8
1312 9 1 3 8 2
1313 2 9 4 1 0 7
1314 3 2 1
1315 2 5 1 7
1316 1 3 5 2 7
1317 2 4 8 3 1 7
1318 3 8 2 18 7
1319 1 3
1320 2 3 1 9 0 4 8 6
1321 1 2 3
1322 7 1 14 4 9 2 0 10
1323 2 6 3 4 8 7 12 5
1324 2 9 4 1 8 3 7 6
1325 2 5 0 1 7 18
1326 2 1 0
1327 2
1328 2 3 7
1329 3 2 1 6 4 7 8 14
1330 3 4 2 9 1 7 0 10
1331 4 3 8 14 6
1332 3 5 9 4 6 2 0 10
1333 0 2 9
1334 1 2
1335 2 1 3 8 7
1336 5
1337 3 2 1
1338 6 7 8 14 2
1339 2 9 8 14 5
1340 9 4 6 3
1341 2 3 0 7
1342 2 9 1 3 4
1343 2 0 1 14 7
1344 2 3 1 10 8
1345 5 2 4 7
1346 2 3 7
1347 3 18 8 12 4 2 7 1
1348 2 3 1
1349 2 1 3
1350 2 1 12
1351 2 8 7
1352 1 2 3
1353 1 3 4 2 9 6 14 7
1354 2 6 4 7 14 3
1355 2 1 0 6 5
1356 3 6 0 9 4 10 5
1357 2 3 9 8 0 10 5 7
1358 2 9 3 0 7
1359 2 1 0 7
1360 2 9 1 8 7
1361 9 3 14 7
1362 2 5 3 1
1363 4 3 12 7
1364 2 1 9 4 8 0 7 10
1365 2 5 1
1366 3 1 9
1367 2 1 3
1368 2 1 3 8 5 4
1369 2 3 8 1
1370 5 2 3
1371 1 9 3
1372 2 1 3 10 8 7 17 5
1373 2 5 3 4 1 0 7 8
1374 6 7 4 2 3 1 5 12
1375 2 3 1 9
1376 2 4 11
1377 3 4 8 2 1 7 6 5
1378 2 4 3 5 7
1379 2 0 5 3
1380 3 4 1 6 14 2 5 8
1381 2 1 3 14 7
1382 9 4 5
1383 2 9 1 3 0
1384 2 6 4 3
1385 9 1 3 14
1386 2 9 8 7
1387 2 1 0 3 5
1388 6 5 2 3 14 8 0 7
1389 9 4 1 3
1390 2 9 12 3 8 7
1391 2 3 7
1392 5 6 7 4 11 2
1393 2 4 1 3 0 10 14 7
1394 2 1 9 7
1395 2 9 4 6 7
1396 3 8 5
1397 2 3
1398 2 4 3 7 12 6 11 14
1399 2 5 14 7
1400 2 0 3 10 5
1401 9 1 3 8
1402 2 3 8 7
1403 2 3 4 6 1 14 5 7
1404 5 2 0 10 3 7 1 4
1405 6 8 7 3
1406 8 2
1407 2 3 10 6 8 17 7
1408 2 9 4 1 3 0 10 7
1409 2 6 8 3 4 7 5 1
1410 3 4
1411 7 5 2
1412 2 9 4 3 6 15
1413 2 3 1 5 4 8 7 10
1414 2 3 10 7
1415 2 5 3 4 7 6
1416 6 4 5 2 3 1 10 7
1417 2 1 3 10 8 13 14 7
1418 3 1 2
1419 6 9 12
1420 10 6 8 7 3 1 2 0
1421 3 2 4
1422 2 4 3 7 8 14 12 5
1423 3 8 12 4 1 7
1424 4 0 10 5
1425 2 9 1 7
1426 1 12 2
1427 3 6 9 1 0 4 2 8
1428 4 1 0 12 5
1429 3 8 1
1430 2 3 1
1431 3 4 9 1 6 7 0 8
1432 2 1 10 8 3 7
1433 3 6 7 2 4
1434 5 6 9 10 14 7
1435 4 1 8 7
1436 3 2 1
1437 2 3 8 5 7
1438 2 3 6 8 7
1439 1 2 8 3
1440 8 3
1441 7 1 4 2
1442 4 9 1 0 10
1443 2 3 1
1444 3 4 9
1445 2
1446 2 3 9 1 14 7
1447 2 4 1
1448 3 2
1449 9 8 3
1450 2 4 3 6 5 7
1451 5 3 2
1452 2 9 3 0 8 7
1453 2 3 4 1 8 6 10 7
1454 2 10 7
1455 2 8 3 9 7 1
1456 5 3 9 2 7 6 4 8
1457 2 4 9
1458 8
1459 1 3
1460 2 4 1 3 7
1461 9 2 1
1462 3 8 2 9 1 7
1463 2 3 8 4 7 1
1464 2 3 4 1 14 7 8 12
1465 2 5 3 1 9
1466 6 8 3
1467 2 1 3 14
1468 2 3 1 8 7 14
1469 5 8 3 2 0 7 1 4
1470 3 14 7
1471 2 3 8 6 7
1472 3
1473 2 1 3 8 4 9
1474 2 4 1 3 8 7
1475 2 3 9
1476 2 4 0 7
1477 2 4 1 3 7
1478 9 3 13
1479 2 14 1 7
1480 2 9 1
1481 3 2 4 7 1 12
1482 7 8 18 2 17 3 1 12
1483 6 8 7 2 14 16
1484 3 5 14 8 4 6 7 9
1485 2 0 5
1486 3 2 5 7
1487 2 3 14
1488 7 4 1 0 3 12 10 2
1489 2 9 1 3 8 6 7 17
1490 6 8 3 7
1491 5 6 7 4 0 3 2
1492 2 4 1 3 8 7 5 17
1493 2 4 6 3 5
1494 3 14 2
1495 3 1 2 9 8 7 17 4
1496 1 3
1497 2
1498 3 5 4 1 2 9 0 6
1499 2 3 7
1500 2 9 1 3 0 4 8 7
1501 2 10 5 3
1502 2 9 4 1 3 8 7 17
1503 8
1504 2 1 3
1505 0 5
1506 2 7
1507 2 1 0 10 8 5
1508 2 1 3
1509 2 1 8 3
1510 9 2 4 1 3 0 10 5
1511 3 4 6 2 7 12 8 1
1512 5 4 3 6 2
1513 2 3 7 1
1514 3 4 2 1 8 6 7 9
1515 2 7
1516 3 6 4 2 7
1517 2 9 1 0 6 8 5 7
1518 3 1 7
1519 2 3 4 6 8 7 12 14
1520 4 7
1521 5 2 1 0 4 6 9 7
1522 12 16 1
1523 2 9 4 1 3 0 10 7
1524 2 9 3 1 4 7 8 10
1525 2 10 1
1526 4 14 6 8 2
1527 5 2 6 0
1528 2 3 4 1 8
1529 2 9 4 8 3 14 7
1530 3 9 1 4 8 7 2 18
1531 3 2
1532 1 8 3 9
1533 3 1 2
1534 3 9 1
1535 2 3
1536 1 3 14 2
1537 3 8 4
1538 2 3 12 7
1539 3 8 7 2
1540 9 3 2
1541 2 1 7
1542 3 2 5
1543 2 1 3 8
1544 2 3 6 8 14 7
1545 7 8 16 3
1546 2 3 6 7
1547 2 3 4 8 7
1548 7 6
1549 18 2 7
1550 2 1 8 4 0
1551 5 0 4 6 1
1552 2 3 9 0 4 8 10 7
1553 3 1 4 7 8
1554 2 5 4 1
1555 3 1 9 4
1556 2 9 3 1 10 8 7 4
1557 2 4 3 8 6 14 5 7
1558 2 9 1 7
1559 2 3 7 8 4 1 0 14
1560 3 4 2 1 9
1561 2 9 1 3 10 8 7 4
1562 2 9 3 1 8 7
1563 2 9 3 1 7
1564 2 9 1 3
1565 3 1 8
1566 3 1 9 4 14
1567 2 1 3
1568 3 1 2 8
1569 3 1
1570 2 7
1571 2 1 3
1572 2 3 1
1573 2 4 1 3 0 8 7 17
1574 2 1 3 4 9 14 7 8
1575 3 6 0 1 8 2 7 4
1576 2 3 9 1 7
1577 3 4 1 8 2
1578 2 9 3 1 8 17 7
1579 6 3 1 7
1580 2 3 4 6 7
1581 2 9 4 3 0 10 8 7
1582 2 4 1 3 0 6 8 7
1583 2 1 5 7
1584 4
1585 2 3 1
1586 3 4 6 7
1587 3 1 2 9
1588 6 4 8 3
1589 9 0
1590 0 3 1 4 7
1591 3 6 8 14 7
1592 2 3 1 8 4 7 6 9
1593 3 1 2 8 7 5 4 10
1594 1
1595 3 1 5 8 14
1596 2 3 1 7
1597 2 1 14
1598 2 6 0 9 7 4 1 5
1599 2 3 4 1
1600 6 3 4 7 8 2 5 1
1601 2 1 7
1602 2 3 9 7 0
1603 5 0 3 1
1604 3 1
1605 3 1 4 8 9 0 7 2
1606 2 9 4 3 0 10 8 5
1607 4 3 2 0
1608 3 2 5
1609 16 8 7
1610 2 14 3 7 4 8 0 1
1611 2 4 1 0 8 7 5 11
1612 5
1613 2 7 8
1614 8 16 7
1615 3 2 7
1616 3 2 1
1617 3 6 7 12 14 4
1618 9 1 3 0 8 13 7
1619 3 2 5
1620 5 6 14
1621 6 9 3 7 14 4 1 8
1622 2
1623 2 3 12 7
1624 3 4 8 2 7 1 14 6
1625 2 3 4 9 1 0 7 8
1626 2 3 1 7
1627 5 6 7 4 1 14 3 2
1628 2 9 4 1 0 7
1629 3 2 10 12
1630 1 3 14 4
1631 3 1 5
1632 7
1633 2 9 4 1 3 0 10 7
1634 2 3 1
1635 8
1636 7
1637 15
1638 2 1
1639 1 9 10 7 3
1640 2 10 1 7
1641 2 3 4 8 7 12 6 9
1642 2 1 8 7 5
1643 5 2 0 4 7 1 9 10
1644 2 6
1645 2 5 1 0 3 8
1646 2 3 1 8 10 7 4 9
1647 1 8 3 7
1648 2 3 8 7
1649 6 3 4 9 7 14
1650 3 14 7
1651 2 1 3 14
1652 1 8 3 9 6 18 2 7
1653 2 3 5
1654 2 3 1 0 4 8 7 9
1655 2 9 1 3 5 8 7 17
1656 2 1
1657 14
1658 2 1 8 7
1659 5 2 0 3 6
1660 0 1 6 3 7
1661 6 4 3 8 7 5 14 2
1662 5 10 8
1663 3 4 2 1 9 7 8 16
1664 9 3 1 4 10
1665 10 5 16 3 7
1666 3 1 8 2 9 4 0 7
1667 3 8 14 2
1668 2 9 4 1 0 14 7
1669 5 3 6 4 9 1 0 14
1670 2 3 1 6 7
1671 2 3 4 1 0 8 6 5
1672 2 1 0 3 4 6
1673 2 1
1674 2 4 3 8 7 12 6 5
1675 3 1 4
1676 9 1 3 0 8 6 7
1677 1 3
1678 2 3 4 1 8 7 9 14
1679 6 4 3 5 0 8 7 14
1680 6 4 3 1 9 7 14
1681 2 9 3 1 10 7 14
1682 2 3 8 7
1683 2 4 3 6 14 7
1684 4 3 8 7
1685 6 8 1 14 3
1686 9 2
1687 2
1688 2 4 3 0 6 8 7 5
1689 2 1
1690 5 6 7 4 14 3 2
1691 4 9 2 1
1692 2 9 3 18 7
1693 9 3 8 7
1694 5 4 3 18 7
1695 1 3 14
1696 3 1 2 4 5 6 9 7
1697 7 4 16 14 2
1698 2 3 4 1 0 8 7 17
1699 2 9 1
1700 2 1 6 3 5 7
1701 3 4 2 0 10 1 9 18
1702 2 3 1 5 8 4 0 7
1703 4 2 1
1704 3 1 4 2 9
1705 7
1706 2 4 7 6 17
1707 2 1 3 0 7 4 5 14
1708 3 4 2 1 9 0 7 12
1709 2 9 4 1 3 0 10 7
1710 1 8 3
1711 2 9 4 8 6 3 7 1
1712 5 1 7
1713 2 8 7 6 14 1 4 3
1714 2 4 7 12
1715 2 3 4 5 8 6 7 14
1716 2 5 6 7
1717 18 4 14 2
1718 3 8 9 1 7 4 12 2
1719 8 7 12 6 3
1720 2 1 6
1721 9 3 8 14
1722 9 4 3 0 10 6 7 5
1723 3 9 4 7 14
1724 2 4 1 3 0 8 7 5
1725 3 1 9 4 8 7 14 2
1726 2 3 1 9 4 8 7 0
1727 2 3 7
1728 3 8 7
1729 2 3 7
1730 9 4 3 10 6 8 7 5
1731 2 3 1 7
1732 5 2 3 1 18
1733 4 3 0 6 13 5 11 7
1734 2 1 3 9
1735 3 5 8 4 18 2 12 7
1736 2 4 11
1737 8 4 3 7
1738 2 3 6 7
1739 2 3 1 8 7 4 9 5
1740 2 3 7
1741 2 1 4 8
1742 1 10 3 0
1743 2 3 1 5 8
1744 2 1 7
1745 3 0
1746 2 7 6
1747 1 3
1748 2 4 3 1 8 7
1749 2 3 1 9 4 0 10 5
1750 5 7 6
1751 5 4 9 1 3 2 6 7
1752 2 1 3 8 14 7
1753 2 7 1
1754 2 4 6 7
1755 2 4 9 6 7
1756 2 5 1 6 3 4
1757 2 9 1 10 8 7
1758 2 3 4 0 5
1759 3 2 1
1760 2 3 1
1761 2
1762 2 3 7
1763 5 4 6
1764 7 3 4 8 1 14
1765 2
1766 3 8 2 0
1767 2 3 0 10 8 7
1768 1 2
1769 5 7 4 9 0 3 10 2
1770 5 1 3
1771 3 7
1772 6 4 3 7 12 14 11 8
1773 2 16 3 7
1774 0 10 5 18
1775 2 1 3
1776 8 1 7
1777 2 18 7
1778 6 7 4 3 2 5 14 12
1779 2 6 7
1780 4 8 7
1781 5 4 8 6 9 7 12 2
1782 2 9
1783 3 9 4 6 7 1
1784 1 9 3 10 14 7
1785 2 1 0 14
1786 3 1 7 2
1787 1
1788 5 1 0 2 9 8
1789 2 1 3 8 7
1790 3 1 9 4 2 8 7 14
1791 7 14 6
1792 2 3 4 1 0 5
1793 2 3 7
1794 2 3 1 4 7
1795 4 7 11
1796 2 3 4 1 6 9 7 8
1797 18 4 7
1798 2 9 4 1 3 0 7 8
1799 2 4 1 3 9 0 8 5
1800 2 3 8 7 14
1801 1 7 16
1802 2 3 5 4 6 9 0 7
1803 9 0 6 5
1804 3 4 14 7
1805 2 1 8 3 18 7 4 9
1806 10 3 5
1807 2 3 4 1 9 7 8 10
1808 2 13
1809 6 3 4 2 8 7
1810 2 3 4 8 6 7
1811 2 8 7
1812 3 2 7
1813 8 3 7
1814 3 4 2 12
1815 1 7
1816 7
1817 2 3
1818 2 1 3 0 7
1819 4 8 6 9 7 10 18 3
1820 2 1 3 9 8 7 4 17
1821 2 1 0 9 7
1822 8 2 1 6 9 7
1823 2 0 10 1 7 5
1824 2 8 3 4 1 5 7 0
1825 5 7 8 4 9 1 0 2
1826 2 3 6 8 10 7
1827 2 4 1 8 12 7
1828 3
1829 3 7 1
1830 2 3
1831 2 3 4 6 0
1832 7
1833 5 7 2 6 1 0
1834 2 14 5
1835 2 1 3
1836 9 8 6 7 13 4
1837 3 2 4 8 1 7 14 17
1838 2 8 3 5
1839 5 4 1 0 3 10 2 7
1840 2 5 8 3
1841 2 1 7
1842 2 9 4 1 3 0 7
1843 5 3 1 2 9 8
1844 2 3 6
1845 2 9 4 1 3 0 7 8
1846 3 4 7 6 14
1847 9 1 2
1848 5 8 4 1 3 0 6 7
1849 2 3 1
1850 9 1 3 8 5
1851 7 8 1 14 12
1852 3 4 7 8 12 6 2 14
1853 3 2 1 7
1854 7 4 3 6 1 0
1855 1 3 8 7
1856 2 4 1 0 6 7 3 11
1857 2 3 4 14
1858 2 3 5 1 7
1859 1 7
1860 2 6 3
1861 5 8 4 1 3 2
1862 3
1863 1 3 2
1864 5 3 14 2 6
1865 2 3 7
1866 2 1 4 10 7
1867 5 8 1 0 3 10 2
1868 2 3 1 7
1869 2 10 7 8 4 9 1 3
1870 1 4
1871 3 2 15 14
1872 3 1 9
1873 9 3 7
1874 2 5 3 0 8 4 1 7
1875 9 1
1876 3 6 8 14 2 4 0 7
1877 18 14 7
1878 2 1 3 7
1879 3 2 14 8
1880 8 1
1881 4 3 8 7
1882 1 3 2
1883 5 6 8 4 9 3 2
1884 9 1 8
1885 2 1 4 7
1886 2 9 8 7
1887 3
1888 1 9 7
1889 9 1 8 3 14 10 7
1890 6 2
1891 1 3 4 14
1892 3 4 2 8 6 7 5 9
1893 3
1894 9 3 14 1 6
1895 3 1 5
1896 16 7 12
1897 10 3 14 0 1 9 4 8
1898 3 1 4 6 9 8
1899 3 1 4 9 14 6 5 7
1900 2 5 6 7 4 14 3 0
1901 2 5 1 6 8 7 9 3
1902 2 9 4 1 0 10 7 8
1903 2 9 6 0
1904 2 5 1 4 6 3 7 9
1905 3 8
1906 3 2 1 8 0 6 7 4
1907 5 3 2 6
1908 2 9 1 3 14 7
1909 8 3
1910 1 2 3 4 10
1911 2 0 8 7
1912 3 4 1 8 6 18 9 2
1913 3 8 2 7
1914 2 9 4 1 3 0 6 14
1915 2 9 3 1 4
1916 2 6 8 12 7
1917 3 9 4 1 7
1918 8 1 14 9 6 7
1919 8 3 7
1920 3 9
1921 2 3 7
1922 7 2 9
1923 2 4 3 6 7 9 1 12
1924 2 3 1 9 4 0 7 10
1925 3 2 1
1926 3 2 4 1 0 10 8 7
1927 3 9 1 0 10 8 14 2
1928 2 9 1 3 0 10 8 7
1929 2 4 12 7 3
1930 9 1 18
1931 2 6
1932 4 3 1 8 7 12 2 14
1933 1 2 10 7
1934 3 1 9 4
1935 3 4 9 6 11
1936 5 6 3 14
1937 3
1938 3 1 2 8
1939 2 3 4 1 8 6 7 17
1940 2 14 7
1941 2 3 7 4 6
1942 3 8 2 1 7 4 0 10
1943 6 3 0 4 7 8
1944 2 4 3 1 0 9 7 5
1945 2 3 1 0 7
1946 2 3 4 12 1
1947 3 5 2 4 1 6 7 0
1948 4 3 8 7
1949 2 0 10
1950 5 6 4 1 0 3 2 7
1951 2 0 8 4 7
1952 2 3 5 6 1 4 0 7
1953 2 4 3 6 7
1954 2 4 0 7
1955 3
1956 1 3 9
1957 2 9 3 14
1958 4 6 0 3 10 1 5
1959 2 3 5
1960 2 9 1 0 5 14
1961 5 8 3 7 4 1 2 0
1962 9 5 8 3
1963 3 1 4
1964 5 1 15
1965 4 1 3 2
1966 2 3 8 7
1967 2 9 5 1 3 0 7 8
1968 2 1 0 7
1969 4 9 3 2 6 7
1970 2 9 1 3 14 7
1971 7 3 12
1972 2 4 7
1973 3 4 2 5
1974 3 1 2 17 8
1975 15
1976 1 3
1977 4
1978 1 2 7
1979 3 1 5 2 9
1980 5 3 1 2 4 0 14
1981 3 2 4 5 1
1982 3 6 8 7 4 2 5 12
1983 2 1 0 12
1984 2 1 14 6 18
1985 2 3 7
1986 5 8 3 9
1987 2 3 0 8 4 6 7 9
1988 3 4 6 9 8 7 12 5
1989 2 3 1 7
1990 2 3 5 7
1991 4 8 3 7
1992 6
1993 2 3 5 7
1994 3 14 6 7
1995 2 9 4 3 0 14 5 7
1996 2 5 4 1 8 0 3 7
1997 6 9 0 10 18 4 1 2
1998 9 3 4
1999 2 9 1 3 0 7 4 5
2000 2 3
2001 2 7 0 4 12
2002 6 4 9 3 5 8 7 2
2003 1 3 8 7
2004 5 3 9 14 8 7
2005 3 4 7
2006 2 3 4 1
2007 4 16
2008 2 5 8 4 0 3
2009 2 0 14 5
2010 3 2 5 9 1 8 7 4
2011 3 2 1 7
2012 4 1 3 7 12 5 2
2013 7 8 4 9 1 0 3 10
2014 2 3 4 7 8 0 10 9
2015 4 3 6 14 7
2016 2 5 7
2017 4
2018 5 0 3 10 1 7
2019 3 2 1 4 5 6 8 9
2020 2 3 5 1 7
2021 3 1 16 8
2022 2 9 4 1 0 12 5 7
2023 2 4 9 3 7
2024 3 1 9 4 0 10 7 17
2025 2 8 3
2026 2 3 0 10 6 8 4 5
2027 8 7
2028 3 9 4 2 14
2029 9 1 8
2030 2 8 1 7
2031 9 1 3 4 8 7
2032 1 6 3
2033 3 14
2034 9 4 3 6 7
2035 1 10 14 0
2036 7 2 12 4
2037 7
2038 2 4 3 14 7 5 6 8
2039 8 10
2040 7 12
2041 2 1 8 14 7
2042 2 4 8 7
2043 3 9 2 1
2044 1 3 8
2045 7 3 6 14
2046 2 1 3 0 10 7 16 5
2047 14 6 3
2048 2 1 3 4 8 11 7
2049 3 4 8 1 9 7 10 12
2050 7
2051 2 3 7
2052 3 9 1 14
2053 14
2054 14 1 7 0
2055 2 6 3 1 7 12 4 14
2056 6 14 7
2057 2 4 1 0 6 14 7 5
2058 10
2059 2 5 1 7
2060 9 1 3 14 7
2061 2 1 3 9 7
2062 9 10 0
2063 2 1 0 6 7
2064 2 3 8 7
2065 3 1 8 0 2 7 10 4
2066 3
2067 9 1 3 7
2068 2 0
2069 3 4 2 6 8 7 5 14
2070 1
2071 7
2072 0 5 9 3 1 7
2073 5 0 10
2074 2 4 1 8 7
2075 5 0
2076 2 3 1 0 7
2077 2 3 4 5 8 1 0 7
2078 10 14 3 4
2079 2 7 16
2080 2 1 3 4
2081 3 4 8 5 14 7 2 1
2082 5 1 4
2083 3 2 9 4 1 0 6 5
2084 3 2 1 8 7
2085 2 3 4 5
2086 2 3 1 8
2087 2 4 0 3 6 10 5 7
2088 4 6 5 3 7
2089 2 3 7
2090 6 2 4 7 3 9 1 12
2091 6 4 3 1
2092 1 3
2093 2 3 1 0 10 9 4 8
2094 2 3 0 5
2095 3 7 1 14
2096 4 3 7
2097 2 8 3
2098 3 2 1
2099 2 0
2100 2 1 3 8
2101 0 2 1 5
2102 3 1 7
2103 5 0 10 14
2104 2 1 3
2105 2 1 3
2106 3 9 2 1 10
2107 2 9 1 0 7
2108 5 1
2109 3 5 8
2110 3
2111 1 3 7
2112 3 4 1 2 9 5 13 6
2113 3 9 0 2 8 7 4 10
2114 2 3 6 1 7
2115 3 4 2 1 9
2116 3 4 9 1 5 2
2117 7 6 2
2118 5 17 8 4 16 1 3 7
2119 5 14 10
2120 5 6 4 9 1 0 3 2
2121 8 1
2122 7 8
2123 2 5 0 3 6 9 1 7
2124 3 4 5 7 1
2125 2 3 4 6 0 1 8 7
2126 2 1 3 8 18
2127 2 4 6 18 7
2128 2 9 4 1 3 0 10 7
2129 2 4 8 1 7
2130 2 3 5 7 1 4 14 8
2131 8 1 2
2132 2 0 3 5
2133 3 2 1 14 6 8 5 7
2134 2 9 1 0 6 8 7
2135 10 0 7
2136 2 4 1 0 9 7
2137 2 8 7
2138 2 4 7
2139 6 7 4 9 1 0 3 2
2140 2 3 4 1 6 8 5 7
2141 2
2142 14 9 4 3
2143 3 1 7
2144 7
2145 7 4 3
2146 9 3
2147 2 14 3 6 7
2148 3 4 1 6 8 7 2 9
2149 2 9 3 8 7 14 12 4
2150 2 7 10 4 3 1
2151 7 12 8
2152 14 5
2153 3 2 1 7 8 17 4
2154 7 12 6
2155 3 6 10 7
2156 4
2157 4 5 9 1 3 7 2 6
2158 2 4 1 8 12 7
2159 3 4 1 8 2 6 10 18
2160 2 3 8 7
2161 7 6 16
2162 2 1 4 10 5
2163 2 1 0 10
2164 2 1 3 10 14
2165 4 1 0 8 12 5
2166 2
2167 4 3
2168 9 3 1 10 8 7
2169 8
2170 6 4 3 2 9 0 7 1
2171 2 5 4 8 9 1 3 7
2172 3 2 8
2173 2 3 0 8 7 6 14 12
2174 2 4 3 0 10 6 5 7
2175 2 1 3 7
2176 3
2177 2 6 3
2178 2 3 8
2179 2 3 6 7 4 0 10 14
2180 14 7 4 3
2181 5 4 9 1 0 3 10 2
2182 10 3
2183 2 0 5 10
2184 2 9 5 7
2185 2 8 0 3 1 10 7 4
2186 7
2187 2 5 6 0 4 1 10 7
2188 2 4 1 3 0 10 6 5
2189 2 7
2190 2 3
2191 3 2 6 8 4 7 14 5
2192 2 7 6 3
2193 3 1 2
2194 4 6 7
2195 7
2196 3 5 4 8 2 1 7 12
2197 3 7
2198 2 0 8 7
2199 0 5
2200 4 2 7
2201 2 0
2202 3 8 2 5
2203 3 9 4 2 12 8 1 7
2204 2 15 7
2205 14 7 3
2206 2 3 1
2207 3 2 9 1 8 16 7
2208 2 4 1 3 8 7
2209 2 9 1 3
2210 9 1 3 10 8 12 5 2
2211 9 1 3 2 4
2212 1 2 3
2213 4 3 9 6 0 10 5 11
2214 5 3 0 7 1
2215 2 3 4 1 14 6 9 7
2216 6 7 3 5
2217 2 7 8
2218 5 6 14 2 7 3 10 18
2219 2 0 10
2220 12
2221 4 12 5
2222 2 1 3 8 9 4 7 5
2223 3 2 6 4 7 8 14 5
2224 3 1
2225 4 3 2 6 7
2226 2 1 10
2227 9 6 3 0 13
2228 8 9 7
2229 2 0 6
2230 2 3 9 0 4 1 5 7
2231 3 1 9 4 14 7
2232 2 1 12
2233 2 4 9 6 7
2234 2
2235 2 3 9 4 1 8 7 5
2236 2 4 1 3 0 10 8 7
2237 3 9
2238 1 3
2239 5 10 2 9 6 7
2240 2 9 1 3 0 8 6 5
2241 3 6 4 1 2
2242 2 8 1 7
2243 3 9 1 8
2244 3 7 14 2 8
2245 7 2 12 8 10 4 17 1
2246 2 1 14 7
2247 7 16
2248 1 9 8 0 3 7
2249 1 7
2250 2 1 12
2251 2 9 5 1 3 0 4 7
2252 3 2 1 9 7
2253 2 9 3 6 7
2254 3 9 1
2255 3 9 8 2 18
2256 2 3 1 8
2257 3 1 2 9 4 7
2258 3 2 1
2259 3
2260 2 3 6 7
2261 3 8 1 2
2262 5 6 8 3 10 2 1 0
2263 2 1 8 3 7
2264 6 4 3 2 1 12 7 5
2265 3 2 4 6 7 17 14 5
2266 2 3 7
2267 2
2268 2 4 3 0 9 7
2269 2 1 0 10 3 9 4 14
2270 2 3 4 7 11
2271 2 1 3 0 10 8 5 7
2272 7 4 3 2
2273 2 1
2274 3 14 2 1 4 8 7 6
2275 3 6 7
2276 2 8 14 7
2277 2 4 1 0 8 7
2278 2 10 9 4 12
2279 3 1 6 8 7
2280 2 4 6 7 12 11 9
2281 2 9 1 4 7 6 3
2282 2 1 10 5
2283 2 0
2284 2 9 4 1 3 0 10 5
2285 3
2286 2 3 8 9 14 7 4 1
2287 6 7 4 1 14 3 2 8
2288 2 3
2289 7 14 6 8
2290 5 6 8 4 9 0 14 3
2291 2 7
2292 4 2 6 3 5 7 12 14
2293 2 7 12
2294 14 4 6
2295 7
2296 3 6 8 4 0 5 2 12
2297 0
2298 3 6 4 2 14 8 7 9
2299 9 1 3
2300 2 3 4 14 7 6 8 12
2301 3 9 4 1 0 10 8 5
2302 2 3 4 1 0 10 8 5
2303 2 3 8 4 1 10 9 7
2304 2 3 9 1 8 0 4 10
2305 2 1 3 8 7
2306 2 4 3 6 7
2307 2 3 8 6
2308 2 8 16 7 5
2309 2 7
2310 1 3 14 6 5
2311 2 6 14 7
2312 2 9 3 7
2313 3 1 4 8 9 0 7 5
2314 5 8 4 9 3 12
2315 2 1 9 7
2316 1 3 6
2317 1 9 3 10 4
2318 3 2 4 6
2319 2 0 7
2320 4 3 6 13 12 11 7
2321 2 6 7
2322 3 1 8
2323 2 6 7
2324 8
2325 7 4 3 6 2 14
2326 1 7
2327 0 7
2328 2 8 7
2329 6 4 1 3 7
2330 3 2 1 4 8 9 0 7
2331 3 2 7 1 8 17 4 5
2332 2 9 1 3 4 7 12 17
2333 2 3 4 6 8 7 5 10
2334 2 4 3 0 6 14 7 12
2335 2 1 3 7
2336 6 3 7
2337 9 8 11 5 12
2338 1 8 7
2339 2 9 4 1 3 0 6 14
2340 4 12 5 2
2341 2 3 8 7
2342 1 2 3 14 8
2343 7
2344 5 4 6 3
2345 3 5 7
2346 2 1
2347 2 3 4 7 8
2348 5 2 0 10
2349 1 3 2
2350 2 1 3
2351 2 4 0 7
2352 7 9 1 3 0 4 2 6
2353 3 1 7
2354 0
2355 2 1 5
2356 2 1 3 8 4 0 7 6
2357 2 1 3 7
2358 7 4 12
2359 2 7 3 1 4
2360 2 1 14 7
2361 2 18 7
2362 3 4 2 8 1 6 0 7
2363 8 7
2364 2 4 3 0 8 14 7 12
2365 2 5 3 1
2366 2 7
2367 9 4 1 3 8 7 6 2
2368 3 1 8
2369 2 3 1 8 14 7 4 0
2370 1 3 9 14
2371 3 1 9
2372 4 9 3 2 6 7 5 11
2373 3 4 2 1 7 9 6 5
2374 2 3 4 1 5 9
2375 4 3 6 14 7
2376 2 4 3 1 7 12 6 9
2377 3 1 8
2378 2 1
2379 2 9 5 3 6
2380 2 3 7 14
2381 3 14 6 8 7 2 4 5
2382 3 4 1 0 2 9 5 8
2383 2 1 3 0 14 5
2384 2 4 3 1 0 6 9 5
2385 2 8 3 10 7
2386 2 3 1 7
2387 2 1 3
2388 3
2389 2 6 7
2390 2 1 3 14
2391 3
2392 2 7 18 9 16
2393 1 3 2 14
2394 2 1 3 7
2395 5
2396 2 1 9 0 3 5 10 7
2397 3 1 2
2398 2 1 3 6 14 7
2399 1
2400 3 1 2
2401 9 8 3 1
2402 6 1 4 8 3 7 5 14
2403 2 3 7
2404 2
2405 2 4 1 10 8 7 5
2406 8 3 7
2407 2 3 14 7
2408 5 4 9 2 3 6 11 7
2409 3 1 0 10 7 2 5 9
2410 1 0 8 12 7
2411 3 4 2 9 0 1 6 5
2412 2 3 5
2413 1 3 7
2414 6 7 4 3 12
2415 9 3 1 4 2 8 5 7
2416 2 9 1 3 4
2417 9 3 0 2
2418 5 2 0 3 9 4 1 8
2419 2 0 10
2420 3 4 1
2421 7
2422 3 1
2423 2 3 1 6 7
2424 4 8 10 7
2425 2 9 1 3 10 8 7 4
2426 2 1 5 10
2427 2 1 0 8 3 7
2428 2 3 1 8 9 4 7 12
2429 2 3
2430 2 9 1 3 4 14 7
2431 2 1
2432 2 4 1 6 8 7
2433 2 3 0 7 5 6 9 14
2434 5 1 0 3 10
2435 3 4 14
2436 2 9 4 1 8 6 5 7
2437 2 1 3
2438 3 8 6 2 9
2439 3 9 1 4 8 7 14 2
2440 3 1
2441 4 9 1 6 3 7 8 12
2442 3 2 14 8
2443 2 9 3 8 12 7
2444 2 1 8 7
2445 2 4 3 7
2446 6 8 10 7
2447 2 9 1 3 10 8 7
2448 2 3 8 7 4 0 5 1
2449 2 1
2450 3 2 1 7 17 4 10 8
2451 6 4 2
2452 1 10 4
2453 2 3 6 14
2454 2 5 3 1 8
2455 2 3 6 14
2456 3 1 10 7
2457 3
2458 2 1 9 8 3
2459 3
2460 2 1 8 3
2461 6 3 7
2462 8 7 1
2463 2 3 8 1 7
2464 1 10 8
2465 4 6 8 9 3 7 12 2
2466 7 8 4 1 3 12 2 6
2467 2
2468 4 8 3
2469 2 3 9 1 4 8 5 7
2470 2 1 3 0 4 9 7 10
2471 2 3 4 1 7 14
2472 8
2473 2 4 9
2474 2 0 3 5
2475 2 3 8 9 1 7
2476 2 3 4 5 0 8 6 7
2477 6 3 10 2
2478 2 4 11 5 7
2479 8 2 6 13 7
2480 2 7 3
2481 2 1 3 8
2482 2 9 1
2483 2 7 3 8
2484 2 1 8 7
2485 2 1 9 0 7
2486 2 3 1
2487 2 1 8 17
2488 3 2 1 9
2489 3 5 14
2490 2 3 4 1 5 14 7
2491 2 3 1 5 10 4 0 7
2492 2 10 4 1 8 6 7 17
2493 3 1 9 0
2494 2 1 4 3 8 6 7 11
2495 2 1 18 7
2496 6 4 3 12 7
2497 1 8 0 10 2 7 4 3
2498 5 4 1
2499 3 12 1 4 2
2500 9 2 8 3 7 1 4 14
2501 5 4 9 1 0 3 2 8
2503 2 3
2504 3 2 1 6 7 9 4 14
2505 2 3 4 8 6 7 14 1
2506 4 6 14 2 9 5 11 7
2507 2 3 8 1
2508 2 1 3 0 10 8 7 17
2509 2 5 10 3 7 17
2510 6 2 7 14
2511 4 3 1 8 14 2
2512 9 4 3 1 14 2 7 17
2513 5 2 0 4 10 3
2514 3 1 2 9 4 5 7
2515 7 6 14 3
2516 2 9 4 3 6 14 5 7
2517 3 2 14
2518 2 9 1 0 8 17
2519 3 2 1
2521 3 1 2
2522 2 3 1 9
2523 5 2 3 4 1 0
2524 2 3 9 1 7
2525 2 3 0 8 7
2526 2 4 8 7
2527 2 10 0 7 1 16 8 5
2528 2 4 1 3 0 14 7 17
2529 3 4 2 5
2530 9 1 2
2531 2 3 5
2532 2 4 6 8 7
2533 2 4 6 12 5 7
2534 6 3 7 5 14 2
2535 3 1 2 14
2536 2 10 5
2537 3 2
2538 2 4 1 3 0 8 7 5
2539 18 1 3 8 12 7
2540 2 4 3 6 7
2541 2 9 10 3 5
2542 3 6 14
2543 2 14 6 3 7 8
2544 6 4 14 2
2545 3 0 4 1 10 5 8 7
2546 3 2
2547 3 2 4 14 7 6 1 12
2548 2 4 3 7 9 1 14 12
2549 3 6 7 4 1 0 14 12
2550 3 4 2 1 8 6 7 5
2551 5 1 7 8
2552 2 1 10
2553 2 12 4 1 9 7 17
2554 2 4 1 0 8 7
2555 3 6 7 4 8 12 9 14
2556 2 3
2557 3 4 6 2 5
2558 2 3 6 4 0 8 7 5
2559 4 3 2 14 7
2560 2 4 3 6 7
2561 3 1 2 7 8 14
2562 5 8 4 3 7
2563 3 14 7 8
2564 5 4 8 10 3 6 0 7
2565 2 10 1 8
2566 3 1 7
2567 5 14 7
2568 7 4 3 6 8 2
2569 7 4 16 3 6 14
2570 3 8 7 10 9 4
2571 4 1 7
2572 2 9 4 0 7 11
2573 3 8 4 7
2574 7
2575 3 10 4 8 9 12 6 7
2576 4 3 6 7 5 12 11 2
2577 8 2 3 7
2578 2 3 1
2579 2 3 0 4 10 9 5 7
2580 2 4 3 8 7
2581 10 7
2582 3 4 1 5 2 9 14 7
2583 5 10 8 9
2584 3 9 1 4 10 8 7 11
2585 8 14 15 5 7
2586 2 9 1 6 14 7
2587 2 4 3 8 7
2588 9 10 3 1 7
2589 2 9 1 10 7
2590 2 16 3 7
2591 6 0 1 3 7
2592 10 5 1 3
2593 2 3 1 14
2594 3 9 1 2 4 10 5 7
2595 2 9 3 1 0 10 14 5
2596 2 1 7
2597 5 11 9 0 13
2598 2 1
2599 3 1 14
2600 3
2601 6 4 7
2602 10 0 2
2603 1
2604 5 7 2
2605 4 3 5 7
2606 3 2
2607 8 3 6 7 14
2608 2 9 3 1 7
2609 2 9 1 3 8 7
2610 1 3 8 7
2611 3 2 5 8 1 0 4 7
2612 3 4 8 7
2613 2 13 0
2614 3 9 4 1
2615 2 3 8 7 5
2616 2 8 3 1 4 5
2617 2 9 1 0
2618 6
2619 2 14 7
2620 10 2 1
2621 2 1 10 3 9 7 4 8
2622 2 3 5 0 14
2623 4 9 1 6 3 15 5 7
2624 3 1 8
2625 2 3 5 7
2626 1 3 8 9 7
2627 3 2 4 9 6 5 7 0
2628 2 9 3 1 6 4 8 7
2629 2 4 1 8 7 3 0 9
2630 2 9 0 18 4
2631 3 1
2632 2 3 0 4 1 5 7 14
2633 2 3 7
2634 9 6 3 7 14
2635 7
2636 3 2 1 4 8 7 9 6
2637 2 9 1 8 7
2638 2 9 1 3 10 8 7 4
2639 14 6 3 4 8 7 2 12
2641 2 3 1
2642 2 9 4 3 0 10 8 7
2643 2 0 7
2644 2 3 4 6 7 1 9 5
2645 8 1 4 3 7
2646 5 3 4 7 1 6 8 2
2647 3 1 4
2648 2 1 3 8 17
2649 4 9 3 0 10 8 14 5
2650 2 3 1 7
2651 5 4 3 6 2 1 9 7
2652 3 4 6 12 2
2653 2 4 1 3 8 7
2654 4 9 8 2
2655 2 3 18
2656 2 3 4 1 8 6 7 12
2657 2 9 8 5 6
2658 2 4 8 18 6 14 7
2659 2 3 4 1 0 10 7 5
2660 5 7 3 4
2661 2 3 4 1 6
2662 9 4 6 7
2663 2 1 6 9 3
2664 5 4 3 0 9 7
2665 3 8 14 7
2666 5 8 3 4 2 12 1 7
2667 2 9 1 3 0 10 7 8
2668 2 1 3
2669 7 2 4 8 1 10 17 9
2670 5 3 6
2671 5 6 3 2 1
2672 2 9 4 1 3 6 8 7
2673 0 9 2
2674 3 2 4 6 8 7 5 17
2675 2 5 3 1 9
2676 5 2 4 3 0 9 1 7
2677 7 8
2678 3 4 1 8 2 0 9 10
2679 9 12 7
2680 7 9 8 3 4 1
2681 2 3 5 7
2682 2 12 8 0 7 1 6 4
2683 3 1 14
2684 3 6 8 2 7
2685 2 3 8 0 1 9 4 5
2686 3 1 9 4 8 5 2 14
2687 2 3 14 8
2688 2 4 6 5 7
2689 2 3 5 6 10
2690 3 5 1 4
2691 3 5 2
2692 2 5 3 1 4
2693 0 2 5 18
2694 5
2695 5 6 8 4 9 1 0 2
2696 15
2697 2 3 10
2698 7 4
2699 2 1 3 10 8 7
2700 2 3 8
2701 3 9 4 5
2702 2 3 4 1 6
2703 7 8 3
2704 2 9 1 3
2705 5 4 6 10 7 3 2
2706 7
2707 5 3 7 14
2708 2 7
2709 2 6 9 4
2710 2 7 6 1
2711 2 9 6 3 7
2712 2 3 8 4 5
2713 3 2 5 8 4
2714 1 3 7
2715 2 3 7
2716 6 2 4
2717 3 4 2
2718 8 3 10 1
2719 2 3 8 9 5 7
2720 2 5 3 1 0
2721 3 4 5 9 1 2 6 7
2722 5 0 7
2723 14 5 6 2
2724 5 10 0
2725 2 9 4 1 3 0 5 7
2726 2 1
2727 9 3 14 1
2728 2 1 3 12
2729 7 4 9
2730 2 9 1 3 0 10 8 7
2731 4 11 7
2732 2 9 8 7
2733 9 0 1
2734 4 8 1
2735 4 3 14 7
2736 3 4 2 1 8
2737 2 5 3 9 4 0 1 8
2738 2 9 8 1 3 18 7
2739 3 4 9 1 0 14 6 2
2740 3 2 10 0
2741 2 3 4 10 11 5 7
2742 3 2 1
2743 2 4 3 8 5
2744 3 4 8 2
2745 3 2 8 4 6
2746 6 3 7
2747 2 0 1 3 9 5
2748 5
2749 3 4 8 6 1 2 0 7
2750 2 1 3
2751 2 14 7
2752 2
2753 3 7
2754 2 3 1 4 9 14 7 8
2755 2 0 14 7
2756 2 8 14 7 6 5 4 1
2757 3 6 0 9 1 7 4 2
2758 1 2 14 7
2759 6 3 18
2760 2 7 1
2761 3 4 6 9 8 7 2 1
2762 2
2763 14 7
2764 2 3
2765 3 9 1 2 8 14
2766 2 3 8
2767 6 4 7 2 8 12 11 9
2768 7
2769 2 4 14 6 5
2770 2 1 8 7
2771 5 7 14 10 2
2772 2 1 3
2773 1 2 3
2774 2 1 6 7
2775 2 3
2776 2 9 4 1 0 10 7 3
2777 3 1 7
2778 2 3 1
2779 3 8
2780 2 1 9 7
2781 3 5 0 2
2782 2 4 1 3 0 8 7 17
2783 2 5 1 4 3 7 8 14
2784 7 3 4 2 1 9 6 8
2785 2 7 1
2786 1 2
2787 2 5 3 8
2788 2 9 1 4 6 3 7
2789 9 1 3
2790 3 1 2 8 9 7 5 17
2791 3 2 8 1 7
2792 2 1 3
2793 2 4 3 6 7
2794 2 8 3 7 1 10
2795 2 6 7
2796 3 5 4 1 9
2797 9 3 1
2798 2 9 3 1 8 7
2799 2 9 3 1 7
2800 2 1 3 4 8 9 7 10
2801 9 4 0 10 5
2802 3 2 14 4 9
2803 1 2
2804 5 2 0 1
2805 12 6 8 7
2806 1 2 9 3
2807 9 0 3 7
2808 5 6 7 14 3
2809 3 4 7 9 8 1 6 2
2810 2 9 4 1 0 3 5 7
2811 6 3 9 4 2 7 1 14
2812 2 3 9 1 0 4 5 6
2813 2 1 8
2814 7 15
2815 2 3 4 14 8 18 7
2816 2 9 3
2817 0 1 9 3
2818 4 2 3
2819 2 9 3 1 7
2820 4 2 1
2821 9 3 1 10 6
2822 3 5 2 4 1
2823 4 3 8 7 2 6 14 1
2824 7 8 4 3 2
2825 2 9 3 1 4 7
2826 2 14 5 8 4 3 7 6
2827 2 3 1 9 4 5 6 7
2828 2 3 7
2829 8 7
2830 2 3 1 8 4
2831 1 8 2
2832 4 3 6 18 14 7 11
2833 2 3 5 0 4 1 7 9
2834 3 5 14
2835 7
2836 3 2 4 9 14 7 1 0
2837 8 3 7 1
2838 2 8 10 3 1 4 0 7
2839 3 2 5 4 1 0 7 8
2840 9 1 3 8 15
2841 2 3 5 8
2842 6 4 9 0 5
2843 2 3 1 9 4 5 8 7
2844 7
2845 2 3 8 7
2846 2 1 0 7 4
2847 14 8 7
2848 2 0 10 5 13
2849 2 3 8 4 6 7 9 14
2850 4 6 3 5
2851 2 0 10 3
2852 3 2 7 4 6
2853 2 3 4 7 5 6
2854 12 14 6
2855 3 5 2
2856 2 9 4 1 3 0 10 8
2857 3 2 9 4 1 14 5
2858 2 5 4 7 16 6 0 13
2859 2 3 1
2860 9 6 3 7
2861 2 5 6 3 4 14 7 8
2862 2 7 12
2863 2 9 4 3 6 14 11 7
2864 4
2865 2 3 8 14 4 1 6 7
2866 2 3 8 7
2867 2 4 1 7
2868 18 5 1
2869 3 5 14 2 0 4 6 7
2870 2 1 3 5 4 7 14 9
2871 6 4 2 11
2872 3
2873 7 4 3 6 14
2874 6 5 3
2875 3 2 1
2876 14
2877 2 3 4 14
2878 3 2 14 5
2879 4 8 9 1 3 7
2880 3 2 1 9 10 7 4 8
2881 2 1 18 17
2882 2 3 1 9 8 0 7 4
2883 2 6 3 7
2884 2 4 6
2885 2 3
2886 1 4 0
2887 3 7 4 5 2 0 14 6
2888 2 3 7 4 12
2889 9 1 3 8
2890 2 0 3 10 5
2891 2
2892 1 3 9 2 8
2893 3 7 8 2
2894 12 9 8 3 6 7 4 14
2895 2 9 4 15
2896 1 5 8 2
2897 9 4 6
2898 9 1 0
2899 1 9 0 8 2 3
2900 2 9 4 8 3 5 7 1
2901 2 1
2902 2 1 3 8 14
2903 2 4 8 6 12 7 5
2904 2 9 4 1 0 7
2905 3 9 4 1 6 5 0 7
2906 3 2 4 1
2907 2 3 8 7
2908 2
2909 4 3 6 8 14 12 7
2910 3 14 7 5
2911 10 1 7 2
2912 2 1 3 9 4 6 7 8
2913 3 8 2
2914 2 3 4 5 7 1 6 14
2915 2 4 5 6 14 7
2916 2 4 1 3 8 7
2917 2 3 8 7
2918 3 5 8 7
2919 7
2920 6 4 3
2921 2 4 3 0 6 7
2922 3 2
2923 2 3 4 6 8 7 14 9
2924 2 18 4 3 10 1 7
2925 2 3 8 7
2926 2 3 6 7
2927 18 1 5
2928 2 3 10 7
2929 2 9 3 0 4 14 6 7
2930 2 3 6 8 7 17
2931 2 1 3 7
2932 4 6 3 11 7 12
2933 0 5 1 3 7
2934 2 1 10 8 3 7
2935 2 3 8 7 5
2936 6 7 14 3
2937 3 4 8 14 5
2938 7 0 6
2939 2 8 1 4 7
2940 2
2941 2 3 14 4 6 7 9 8
2942 1 2 3
2943 3 1 6 8 2 7 9 4
2944 2 4 8 6 3 5 7 10
2945 1 2 3
2946 2 3 1 7
2947 2 1 7
2948 3 9 1 8 7
2949 7 2 4 3 1 9 5 6
2950 2 12 3 1 4
2951 2 9 1 10 8 12
2952 3 6 14 4 9
2953 3 2
2954 2 1
2955 18 8 3 5 7 1
2956 2 3 8 7
2957 2 10 1
2958 2
2959 8 1 7
2960 7 12 1
2961 7 14
2962 8 1 3 4
2963 2 1 3 0 8 7
2964 1 3 5
2965 3 2 8
2966 2 1 10 3
2967 14 6 9 3 4 8 7 11
2968 3 6 7 9 5 1 14 4
2969 2 8 9 1 4 6
2970 4
2971 9 4 1 8 12 5 7
2972 2 1 9 3
2973 2 9 1 3
2974 18 1 7
2975 2 3 7
2976 16
2977 4 8 3 7
2978 2 9 1 0 7
2979 2 1
2980 8 7 1 2
2981 3 4 6 14 5 2 7 8
2982 4 2 8 9 3 7
2983 9
2984 2 4 3 6 7
2985 4 3 1 7 8 6 5 9
2986 3 1 2 9 4
2987 7
2988 2 3 4 1 8 9 7 17
2989 2 4 6 8 7 12 5 17
2990 1 3
2991 1 2 9
2992 2 4 3 1 9 8 7 0
2993 9 3 14
2994 2 9 4 1 3 8 7 6
2995 3 2 6 7
2996 7 8 1 3
2997 2 8 4 1 5 7 10 3
2998 5 1 4 12 17
2999 6 4 5
3000 2 1 4 8 7 14 0 3
3001 3 1 2 9 4
3002 6 4 3 11 7
3003 3 5 6 7 2 8
3004 3 14 4 7
3005 3 9 18 7
3006 2 9 4 3 6 14 5 7
3007 3 9 4 8 6 2 11 7
3008 2 3 1 7
3009 0 5 6
3010 2 3 1 4 0
3011 2 3 4
3012 4 8 6 3 2 5
3013 3 4 1 5
3014 2 3
3015 1 2
3016 2 5 3 1 10 0 7 14
3017 2 1 4
3018 4 6 3 9 8 7 5 2
3019 5 6 8 4 0 14 3 2
3020 2 3 9 1 4 10 5 7
3021 5 4
3022 9 1 8
3023 4 3 8 2 9
3024 0 9 6 10 4 7 1 12
3025 9 8 3 4 14 7
3026 3 2 5 1 4 8 7 0
3027 2 1 3 9 4
3028 1 5 10
3029 1 2 8
3030 1 7
3031 4 1 5 7
3032 4 6 3 9 8
3033 3
3034 2 1 0 7
3035 2 9 1 3 10 5 7
3036 2 3 5
3037 3 1
3038 2 1
3039 3 7
3040 3 5 8
3041 3 2 1 6 8 7 10 4
3042 5 3 6 14 7 4
3043 5 3 7
3044 9 1 10 3
3045 7 6 2 4 3 9 14 8
3046 2 3 1 8
3047 2 8 14 12 7
3048 2 3 1 4 8 7 9 14
3049 2 1
3050 3 2 5 4 1 14 9 7
3051 2 3 0 10 5
3052 4 3 2
3053 2 4 6 7 5
3054 7
3055 2 9 1 3
3056 1 2
3057 2 3
3058 2 3 1 8 7
3059 4 6 7 5 9 12 8 16
3060 9 3 1 0 14 5
3061 3 1 5 2 7
3062 3 8
3063 2 3 12
3064 2 7
3065 2 8 10 6
3066 2 1 9 0
3067 6 0 10 1
3068 2 1 8
3069 3 2
3070 2 8
3071 2 3 0 8 9 10 5 7
3072 2 8 0 18 7
3073 2 3 8 5
3074 2 3 4 8 5 7
3075 8 3 1
3076 4 12
3077 3 8 7
3078 3 7 4 1 0
3079 2 8 7
3080 2 9 4 3 7
3081 7 4 5 3 8 6 12 2
3082 2 3 4 1 6 7 9 12
3083 2 9 4 1 0 10 8 7
3084 2 1
3085 4 3 9
3086 2 3 8 7
3087 3 8 4 2
3088 18 9 2 1
3089 2 8 14 7
3090 2 9 1
3091 2 3 1 5 4
3092 4 1 3 5
3093 2 9
3094 2 1 3
3095 2 1
3096 3 2 4
3097 7 0 8 16
3098 2 9 1 3 0 8 5 7
3099 0 2 5 6 3
3100 5 6 8 4 1 0 3 2
3101 5 6 7 4 11 0 12 2
3102 3 2 1 8 4
3103 1 2 8
3104 6 3 4 2 1 9 5 7
3105 3 4 2 14 8 6 7 12
3106 9 1 3 4 2 8
3107 3
3108 9 4 1 3 7
3109 4 1 2 8 7
3110 2 9 4 14 3 6 7
3111 0 7 5
3112 2 4 6 7 12 11
3113 2 4 3 6 14 5 7
3114 2 10 1 3 4 0 7 9
3115 2 4 3 0 14 5 7
3116 0 4 1 3 9 2 10 5
3117 2 3 8 5 7 4 6 1
3118 2 4 7
3119 6 3 4 7 5 12 14 2
3120 3 10 1
3121 3
3122 2 1 10 3
3123 18 0 10
3124 3 7 4
3125 5 8 3 7
3126 6 12 4
3127 5 6 4 1 3 2
3128 2 3 9 1 8 0 10 7
3129 3
3130 2 6 7
3131 2 3 9 1 6 8 10 7
3132 3 5 1 0 9 2
3133 2 3 4 1 9 8 7 14
3134 2 3
3135 6 7
3136 7 10 12
3137 6 7 14
3138 2 0 10 1 3 4 5 7
3139 2 8 7
3140 2 9 4 1 0 10 6 7
3141 2 4 3 6 7
3142 3 1 4 11
3143 2 0 7
3144 3
3145 2 3 1 9 7
3146 10 2
3147 6 13 7 2
3148 3 4
3149 2 9 4 1 0 10 7 12
3150 2 3 8 7
3151 2 5 1 3 8 4 7 0
3152 2 7 4 12 6 1 5 14
3153 2 4 3 1 6 10 11 7
3154 2 3 1 18 9 0 10 7
3155 2 3 1 4 5 7 8 6
3156 2 3 7
3157 2 3 6 9 0 10 7 4
3158 2 4 1 3 0 10 8 7
3159 14 4 3 6 7 5
3160 3 2 1
3161 2
3162 3 2 1 8 4 0 7 5
3163 3 6 9 8 7
3164 2 3 1 8 10 7 12 5
3165 3 18 7 2
3166 2 1 9 8
3167 4 6 3 7 8 12 14 17
3168 6 7 4 12
3169 5 8 9 1 0 3 10 2
3170 2 9 4 3 8 6 7 5
3171 3 2 1 5
3172 2 9 4 1 0 10 7 3
3173 2 1 3 0 6 8 7 17
3174 3 7 14 8
3175 2 4 3 6 12 11 17 7
3176 2 4 3 6 7
3177 2 9 1 3 6 8 7 17
3178 2
3180 3 2
3182 5 7 3 4 0
3183 5 6 3 4 1 7 18 2
3184 5 6 7 4 0 3 2
3185 2 3 4 0 6 7 1 8
3186 3 2 1 7
3187 2 9 1 3 6 8 7
3188 3 1 8 7
3189 2 3 6 7
3190 9 1 12 2
3191 3 7 8 14
3192 7
3193 2 3 4 1 7 14 6 8
3194 2 1 10 3
3195 1 12 7
3196 2 3 7
3197 3 7 4 2 6
3198 14 5
3199 2 8 9 0 3
3200 5 6 7 4 9 0 2
3201 5 6 1 3 4
3202 3
3203 5 0 1
3204 3 4 6 9 7 0 5 14
3205 9 3 8 2 7
3206 2 1 3 8 7
3207 9 3 8 6
3208 2 1 3 4 8 10 9 12
3209 9 1 8
3210 3 1 8 14
3211 1 3 8 14
3212 5 4 1 3 2 9 6 7
3213 2 1 3 6 8 7
3214 3 4 0 7 5
3215 8 9 1 3 0 14 7 5
3216 3 2 1
3217 2 9 4 1 0 7
3218 1 9 3 2 4 8 0 6
3219 2 17
3220 4 1 0 8 3 7 6 9
3221 9 1
3222 2 9 4 3 8 0 6 7
3223 2 3 1 4 0 5 10 7
3224 1 2 9
3225 2 3 4 5
3226 2 3 1 9 4 7 0
3227 3 2 1 8
3228 2 3 5 1
3229 2 9 1 3 0 8 7 4
3230 2 0 9 1 7
3231 5 3 1 4 2 14
3232 3 8 1 7
3233 7 4 3 12 14
3234 2 9 1 0 7
3235 2 6 7
3236 5 10 12 14
3237 2 12 3 0 6 7
3238 2 4 1 3 8 14 5 7
3239 5 6 3 7
3240 8 4 7
3241 5 4 9 1 3 10 2 6
3242 9 1 0 4 3 2 8 10
3243 2 8 14 7
3244 3 8 9 4 1 6 7 2
3245 2 3 1 4 9 7 8 10
3246 2 3 6 7
3247 4 10 3 13 7
3248 3 5 1 10 9 6 14 7
3249 2 3 1 10
3250 2 1 3 8 14 7
3251 2 1
3252 10 2 0
3253 2 3
3254 3 4 1 14
3255 3 2 1 14 7 8
3256 2 4 6 7
3257 9 1 6 7
3258 2 3
3259 2 3 1 9 4 5 7 14
3260 2 1 7
3261 2 3 1 0 10 14 7
3262 4 3 6 7 12
3263 2 3 1 7
3264 6 3 4 5 7 8 9 0
3265 7 4 14
3266 3 2 5
3267 2 3 5 7
3268 1 3
3269 4 3 6 1
3270 3 2
3271 2 1 13
3272 10 1 7
3273 1
3274 2 0
3275 2 3 7
3276 14 7
3277 3 1 4 7
3278 2 7 14
3279 3 4 1 2 7 5 8 12
3280 2 3 1 4 8 5 6 0
3281 2 1 9
3282 2 3 4 9 0 6 8 7
3283 2 3 1 8 6 0 4 7
3284 2 1 3 9 4 7 8 17
3285 7
3286 2 9 3 1 14 7
3287 7
3288 3 1 7
3289 2 4 1 0 7
3290 2 3 4 7 11
3291 2 3 8 4
3292 3 1 7
3293 2 5 6 8 4 0 3 7
3294 2 3 4 1 0 10 6 5
3295 2 3 9 6 1 7
3296 4 3 1 5 7
3297 4 3 2 1 8 7
3298 2 5 0 8 9 7 1
3299 2 4 3 7 14 5 12 17
3300 2 1 6 7 3 5 14 8
3301 6 4 3 18 8 7
3302 2 1 0
3303 3 9 4 1 7
3304 2 9 3 8 7 1 4 0
3305 2 3 8 7
3306 2 1 14 7
3307 2 1 3 0 8 7
3308 3 2 8
3309 4 3 2 6 7 5 8 12
3310 2 3 1 8 7 4 0 14
3311 14 5 7
3312 9 8 2 12 15
3313 2 1 3 14 7
3314 3 6 7 8
3315 9 15
3316 2 3 4 1 6 7 16 12
3317 5 1 8 4 3 2 0 6
3318 4 9 1 3 8 7
3319 2 3 1 4 0 9 10 7
3320 2 8 9 7 3 4 1 5
3321 3 1 0 2
3322 2 6
3323 1 7 4
3324 5 6 8 4 1 3 2 7
3325 2 3 1
3326 3 9 4 1 8 6 7 2
3327 4 3 1 7
3328 2 3 8 7
3329 3 1 8
3330 6 3 4 2 7
3331 5 6 4 13 9 0 14 2
3332 3 9 4 1 0 6 14 7
3333 2 9 1 3 8 7
3334 2 9 0 15
3335 4 3 6 8 7
3336 18 8 7 12 15
3337 7 14 4
3338 2 4 3 1 14 7 5 8
3339 3 1 4 9
3340 6 7 4 3 14
3341 1 4 3
3342 7
3343 5 8 3
3344 14 0 12 8 7
3345 2 5 3 4 13 6 7 1
3346 9 3 14 6
3347 18 8 7
3348 2 3 4 0 8 6 7 14
3349 10 9 8 2 1 4
3350 4 2 0
3351 7 16 3
3352 6 4 11
3353 2 9 6 3
3354 2 5 3 8 1
3355 3 14 5 4
3356 2 3 6 9 1 0
3357 5
3358 3 1 2 0 5 9
3359 3 1 9 8 4 2
3360 2 5 3 1 4
3361 3 2 8 5 7
3362 3 4 8 6
3363 2 1 3 4 8 0 7 9
3364 3 1 2 8 9 7
3365 2
3366 2 9 8 3
3367 2 7 15
3368 9 2
3369 7
3370 5 8 9 1 0 14 3 10
3371 2 5 3 14
3372 7
3373 2
3374 6 3 2 14 7
3375 2 4 3 0 7
3376 2 9 4 3 10 8 11 7
3377 3 2 8 7
3378 4 8 2 6 18 16 7
3379 2 1 4 6 8 3 7 9
3380 2 3 4
3381 9 4 8 14 5
3382 4 3 2
3383 2 3 4 5 12 6 9 1
3384 2 6 14 7 4
3385 3 1 8
3386 3 4 6 12 8
3387 3 5
3388 3
3389 2 1
3390 3 5 2
3391 2 3 1 4 8 7
3392 7
3393 2 3 0
3394 2 7
3395 6 3 7
3396 3 2 1
3397 2 10 1 0
3398 2 3 4 5 1 8 0 7
3399 4 8 2 1
3400 2 1 5 10 7
3401 5 6 8 7 2
3402 6 4 7 3 9 11
3403 7 4 3 10 6 8
3404 2 1 8
3405 3 5 8
3406 7 5 2
3407 2 3 1 9 8 14 4 7
3408 9 1 3 4 7
3409 2 3 1 8 7 4 0 10
3410 2 5 9 4 0 3 7 1
3411 6 9 1 0 5 2
3412 2 3 8 7
3413 2 0 5
3414 2 1 4 7 3 9 0 12
3415 1 3 8 7
3416 2 3 8 6 7
3417 1 3
3418 2 3 0 6 14 7 1 9
3419 5 8 9 1 3
3420 5 6 8 4 1 3 2
3421 3 1 2 9 4 14 7 10
3422 2 8 3 7 14
3423 2 3 0 5 7
3424 4 5 8 7 1 3 6 0
3425 3 1 2 8 9 4 7 14
3426 2 4 1 3 6 14 7 5
3427 3 1 4 6 8 9 2 7
3428 2 3 7
3429 2 1 3 8 7
3430 14
3431 1 3
3432 8 7 1 3
3433 3 2 1 7 4 14
3434 2 6 14
3435 3 4 2 1 5 9 8 12
3436 2 7 8 1 3 0 9 4
3437 14 4 3 2 6
3438 2 9 3 0 4 1 5 7
3439 6 8 7 10 9 3 4 14
3440 5 6 7 8 4 9 14 3
3441 2 5 8 3 6 7
3442 5 9 4 6
3443 9 1 3 8 4
3444 2 1 8 3 4 7 5 17
3445 2 9 1 3 6 18 7 17
3446 6 7 4 3 2
3447 2 9 8 7
3448 5
3449 3 1 4 7 8 14 9 17
3450 3 2 8 1 9 7 10 4
3451 2 3 1 4 7 14 9 8
3452 5 7 2
3453 2 6 3 7 5 0 14
3454 2 1 9 4
3455 2 1 3 0 10 14 5
3456 1 9 0
3457 2 7
3458 2 3 1 5 7
3459 2 5 14 4 6
3460 2 1
3461 1 2
3462 2 1 3 14 7
3463 2 9 3 10 12 17
3464 4 9 3 6 7 8 0 14
3465 1 4 8
3466 2 1 9 4
3467 9 3 14
3468 9 1 8
3469 5 3 7
3470 6 14 4 1 3 8
3471 3 2 4 0 1 6 8 9
3472 3 2 14 1
3473 9 2 3 7
3474 2 9 4 1 3 0 8 7
3475 1 2 3
3476 2 3 0 5 7
3477 2 1 7
3478 14 5
3479 5 2 7 1 3
3480 3 1 7
3481 5 8 7
3482 2 12 17 7
3483 2 1 8 10 4
3484 2 9 4 1 3 0 7 5
3485 2 3 4 8 6 7
3486 2 1 8 12 9 7
3487 8
3488 5 4 3 0 2 10 1 7
3489 4 1 10
3490 2 0 10
3491 3 1 2
3492 1 3 2
3493 3
3494 3 4 0 2 5
3495 7
3496 3 1 14
3497 2 1 0 10 12 17
3498 6 7
3499 5 6 4 0 14 3 10 7
3500 3 4 6 2 12 8 7 1
3501 8 9 3 7
3502 7
3503 7 0 15 14
3504 3 8 1 5 2 10
3505 2 0 3 10 7
3506 2 3 5
3507 2 3 1 8 7
3508 7 5 6
3509 3 4 2
3510 2 9 4 1 0 6 8 7
3511 3 7 1 4
3512 14 3 2
3513 4 3 6 0 14 7
3514 3 5 14 2
3515 14 7
3516 4 1
3517 3 2 8 1
3518 9 10
3519 2 3 1 8 4
3520 3 1 8
3521 2 3 7
3522 3 5 8 2 4 1
3523 3 1 2
3524 14 4 5 6 3 7 1 0
3525 2 3 7
3526 9 1 3
3527 2 3 8 9
3528 4 3 7
3529 2 3 5 7
3530 3 6 8 4 11 2 7 14
3531 9 1 0 10 6 13 5 7
3532 9 8 0 3 4 1 7 6
3533 2 3 1 9 4 7 6 17
3534 2 3 4 8
3535 2 3 0 6 7
3536 2 5 6 7
3537 2 3 5 1
3538 2 4 1 3 0 9 5 7
3539 6 9 1 3
3540 6 3 4 1 5 9 8 7
3541 1 8 2
3542 6 7
3543 3 1 2 8 14 4 7 9
3544 2 3 8 7
3545 4 1 3
3546 2 3 8 14 6
3547 3 1 9 2
3548 2 3 4 1 8 7
3549 3 0 8 10 6 2
3550 7 14 2
3551 9 3 8 14 2
3552 2 4 6 8 7
3553 9 3 1 4 5 8
3554 14 3
3555 3 4 1 7 6 9 14 8
3556 3 1 9 14
3557 2 1
3558 2 1 9 0 3 7 4 10
3559 2 4 1 3 6 8 7
3560 2 1 8 3
3561 2 1
3562 6 2 4 7 3 8
3563 9 8 2 5 7
3564 6 8 16 3 14 7
3565 9 4 14 11
3566 2 1 9
3567 2 9 4 3 0 6 7 5
3568 4 3 0 10 6 14 5 7
3569 5 6 4 3 7
3570 2 1 3 8 7
3571 2 7 4 8 6 3 17 11
3572 1 9 3 8 2 7 4 10
3573 3 5 6 1 2 4 7 9
3574 2
3575 3 8 1 7 9 4 5 14
3576 2 4 6 3 12 7
3577 2 9 4 3 6 7
3578 3 2 4 1
3579 7 3 12 14
3580 5 1 3 2
3581 2 3 1 9 4 7
3582 3 1 14 9 8
3583 10 3 7 6
3584 1 3
3585 6 3 4 7 2 5 9 11
3586 2 1 7
3587 2 3 8
3588 2 3 8 7
3589 2 9 4 1 0 3 10 5
3590 3 2
3591 2 4 1 12 7
3592 3 4 7 2 6 12 8 9
3593 14 4 6 2 5 7 12 3
3594 2 0 3 7
3595 0 12
3596 8 7 2
3597 8 7
3598 5
3599 2 3 4 8
3600 4 6 12
3601 7 8 4 9 0 3 12 2
3602 3 4 2 1 5 8 10 7
3603 8 7
3604 7 8 4 9 1 0 3 2
3605 3 4 6 7 1 8 0 9
3606 8 2 1 4
3607 18 1 3
3608 3 1 7
3609 2 3 1 9 0 10 8 7
3610 2
3611 3 4 6 2 14 7 12 8
3612 14 18 7
3613 3 2 4 12 7
3614 1 3 7
3615 7
3616 3 8 4 2
3617 3 8 4 0
3618 2 9 3 6 7
3619 2 1 3 4 8 6 7
3620 12 7 1
3621 2 4 3 8 7 12 6 9
3622 2 1 9 3
3623 9 1 3 10 8 4
3624 3 2 4 1 14 7 8 6
3625 6 3 4 7 14
3626 9 4 3 7
3627 7 4 12 2
3628 2 7
3629 2 6 4 3 9 0 10 7
3630 9 6 3 4 0 8 7 12
3631 5 3 6 7 0
3632 3 1 18 6 7 5
3633 7 3 6 0 4
3634 5 6 7 8
3635 3 8 2 14 4 12 1 7
3636 3 8 7
3637 4 2 6 7
3638 16
3639 3 2 7
3640 2 9 1 3
3641 4 6 12 7
3642 3 7
3643 3 8 6 7
3644 2 1 10 8 7
3645 5 1 2 3 4 7 8 9
3646 2
3647 3 1 9 4 2 14
3648 3 2
3649 2 3 0 5
3650 2 4 1 3 8 7 17
3651 5 2
3652 2 4 6 7 12 8 17 11
3653 6 7 2
3654 2 8 1 5
3655 2 4 3 0 7 6 9 5
3656 2 3 1 10 4
3657 5 2 1 0 3 10 4 7
3658 5
3659 2 1 0
3660 2 3 6 7
3661 3 8 7
3662 2 3 7 8
3663 7
3664 2 1 5
3665 2 4 1 3 8 14 7 12
3666 3 5 2 1 6 8 7
3667 3 4 8 1 7 5 9 2
3668 3 5 7 2 9
3669 3 4 1 2 9 12 7
3670 3 7 14
3671 3 2 4 8
3672 2 4 3 0 8 7 5
3673 1
3674 2 4 3 0 10 8 5 7
3675 2 5 7 1
3676 3 9 1 4
3677 3 5 4 1 7 10
3678 2 3 0 7
3679 3 9 8 7
3680 3 8 1 4 7 5 13 6
3681 10 0
3682 2 4 3 5 7
3683 2
3684 2 3 6 10 1 7 4 12
3685 5
3686 3 7
3687 2 4 1 3 8 17 7 9
3688 2 9 5 1 0 8 3
3689 2 3 8 1
3690 5 1 10 3 2
3691 5 8 1 14 3 2
3692 7 5 6
3693 3 8 2
3694 2 9 8 12
3695 2 9 3 1 4
3696 4 3 8 9 7
3697 9 1 8 2 5
3698 4 3 2 1 9 7 5 17
3699 4 1 0 8 2
3700 2 3 4 8 1 7 9
3701 2 16 7
3702 14 6 2 8 4 1 0 7
3703 3 2 0
3704 2 3 1 7 8
3705 3 1 0 7
3706 9 3 1 4 14 0
3707 5 2 4 3 7
3708 2 3 4
3709 2 3 8
3710 2 1 3 8 14
3711 7 1 2
3712 2 3 4 6 7
3713 2 1 0 9 4 3 7 10
3714 2 3 8 0 1 4 7 10
3715 2 3 1 18
3716 2 3 10 9 1
3717 8 1
3718 3 8
3719 2 4 6 7 14 3
3720 2 9
3721 5 4 0 10 8 1
3722 2 3 1 5
3723 2 9 3 7
3724 9 1 3 4 2
3725 2 4 1 0 7
3726 1 3 7
3727 5 3 1 0
3728 3 7
3729 2 3 4 5 7 6 11 17
3730 3 2 6 4
3731 3 4 2 6 1 14 9 7
3732 2 9 1 8
3733 9 7
3734 3 9 2 1
3735 2 1
3736 5 4 3 6 7 2 0 9
3737 9 3 6
3738 2 3 1 14 5
3739 3 1 8
3740 1 3 4 7
3741 2 9 3 7 1 4 14 17
3742 3 4 8
3743 2 4 3
3744 8
3745 3 5 14
3746 3 2 1 4
3747 2 3 6 7
3748 3 4 6 1 8 7 2 5
3749 2 9 1 7
3750 9 8
3751 9 3 8
3752 2
3753 3 4 8 7
3754 3
3755 7 8 3
3756 2 4 16 7
3757 2 3 8 17 7
3758 9 4
3759 3
3760 3 4 7 1 2
3761 9 1 3 4
3762 6 4 5 7
3763 7
3764 2 4 0 7 5
3765 2 3 6 4 14 8 7 5
3766 5 10 2
3767 9 8 7
3768 14 5 3 1 7
3769 4 8 3 1 5 7
3770 2 7 14 3 6 8
3771 9 8 3 7
3772 2 3 4 1 9 0 11 5
3773 2 1 3 0 8 7
3774 2 9 1 3 6 14 5 7
3775 3 4 7 12 9 6 2 8
3776 1 10 5
3777 9 1 3 2 4
3778 2 9 1
3779 3 4 2 1 0 9 5 8
3780 2 10 0
3781 7 2 1 4 8 3 9 0
3782 3 8 1
3783 3 2 14 6 5 8 7 4
3784 9 3 0 7
3785 1 3 9 2
3786 2 4 3 0 10 18 7 5
3787 1 3
3788 3 9 4 6 2 7 8 14
3789 2 3 1 6 8 7
3790 2 9 3 0 8 7
3791 4 1 3 8 7 2 5 12
3792 2 8 7
3793 2 1 3 7
3794 7 4 3 14
3795 7 2 6 9 4 1 10 3
3796 2 8 7
3797 4 6 5
3798 3 4 5 2 6 8 7 14
3799 2 1 4
3800 7 8 3 1
3801 3 9 14 1 4 7
3802 9 3 8 4 7 1 18 10
3803 3 4 6 1 2 9 0 7
3804 2 9 1 3 8 7 0 4
3805 2 9 4 1 3 0 6 7
3806 2 9 3 4 1 6 8 5
3807 1 3 9
3808 1
3809 5 4 2 6 7
3810 3 1 9 4 2 8
3811 5 6
3812 5 3 2 9 1
3813 2 3 1
3814 2 3 8
3815 2 3 1 8 4 9 0 5
3816 5 14
3817 6 8 3 7 4 9 0 14
3818 9 3 15
3819 2 4 1 6 8 16 5 7
3820 2 3 1 4
3821 2 9 1 3 0 8 7 14
3822 2 3 6 7
3823 2 3 1 9 10 7 17 5
3824 2 1 7
3825 2 3 1
3826 2 9 6 7
3827 3 2
3828 2 4 1 3 7
3829 2 0 9 7
3830 0 2
3831 2 9 0 6 1 18 4 7
3832 2 4 0 3 6 14 5 7
3833 4 5
3834 3 4 2 6 7 1 9 14
3835 2 3 1 8 9 5 4 14
3836 2 4 1 3 6 7 12 5
3837 3 9 0 2
3838 2 3 1 9 8 7
3839 1 3 2 8
3840 16 7 14
3841 2 4 3 7 6 9 8 17
3842 3 1 8
3843 2 3 5 1 4
3844 3 4 2 12 14
3845 1 3
3846 5 13 9 3 2
3847 5 2 14
3848 2 8 3 7 1 6 0 10
3849 2 9 6 7
3850 2 9 3 7
3851 3 5 2 1 8 4 10 0
3852 7 4 3 12 6 14
3853 4 6 2 7
3854 2 4 3 0 8 6 14 5
3855 2 8 6 7 1
3856 3 2 5 4 1 14 8 7
3857 2 9 3 14 7
3858 2 0 5 10 1
3859 3 2 10
3860 3 1 6 7
3861 3 2 1
3862 6 3 7 4 14
3863 2 3 1 0 10 8 14 7
3864 5 2 8 3 4 1 0 7
3865 4 2 1 8
3866 3 10 7
3867 2 0 12 7
3868 2 8 3 7
3869 12 7 2 10
3870 7 3 1 2 4 0 10 12
3871 2 0 9 10
3872 4 9 3
3873 2 3 1 4 8 7 9 14
3874 2 1 13
3875 2 9 0 3 6 7
3876 2 4 3 6 7
3877 2 14 1 3
3878 2 3 0 6 8 7
3879 2 1 8 7 4 0 10 3
3880 10
3881 2 0 18 10
3882 1 10 13
3883 5 4 1 3
3884 3 5 2 8
3885 5 18 3
3886 2
3887 2 3 1 4 6 0 7 8
3888 2 10 7
3889 2 0 10 9 4 1 7 5
3890 3 1 9 8
3891 2 4 1 0 14 7
3892 3 14
3893 2 1 0 8
3894 1 3 9 4 2 8 7 10
3895 2 0 1 5 6 7
3896 2 3 4 1 6 8 0 7
3897 4 8 3 1 2 10 5 7
3898 2 3 1 4 14 8
3899 3 1 8
3900 2 3 1 7 8
3901 3 1 4 6 2 14 8 7
3902 2 3 4 5 6 14 7 8
3903 2 1 7
3904 3 1 14
3905 5 3 1 0 4 10 6 9
3906 8 3 1 10
3907 1 2
3908 2 4 1 0 10 7 3 17
3909 5 1
3910 1
3911 3 2 14 1
3912 7 4 1 3 10
3913 7
3914 3 8 7
3915 3 5 9 4 2 1 14 6
3916 3 4 8 6 7 9 1 12
3917 3 2 1
3918 2 3 6 7
3919 3 1 0
3920 1
3921 2 9 4 3 8 7
3922 3 2 9 1 0 18 7 12
3923 3 1
3924 3 8 2 9 4 1 7 0
3925 2 4 3 0 9 6 8 7
3926 2 0 1 18
3927 2 3 4 9 7
3928 3 4 2 1 9 7
3929 2 3 1 10 9 4 0 7
3930 1
3931 3 1 4 2 5 8 9 7
3932 5 3 1 8 7
3933 1 3 4 12 7
3934 2 3 9 7 14
3935 3 1 4
3936 4 1 0 8 9
3937 1 2 3
3938 2 0
3939 18 1 10
3940 1 3 8
3941 2 5 6
3942 3 4 2 9
3943 2 6 7 4 12
3944 2 0 9 4 5 8 7 1
3945 3 1 9 4 8 7
3946 3 4 8 6 14 7 5 11
3947 3 4 9 8 6 2
3948 5 6 8 3 14 1 7 4
3949 2 9 1 7
3950 2 9 12 3 7
3951 3 4 8 9 2 7 5 6
3952 5 6 8 9 1 0 3 2
3953 2 3 1 9 8
3954 2 4 1 3 0 8 7 5
3955 6 2 3 9 4 7
3956 2 3 1 5 9
3957 2 9 10 3 8
3958 6 7 4
3959 3 1 8 7 4 6 14 2
3960 3 1 7
3961 2 1 0 8 7
3962 1 9 3
3963 10
3964 5 4 3 6 7
3965 9 8 3 7
3966 4 1 14 7
3967 5 6 8 4 1 0 3 2
3968 5 2 3 1 9 0
3969 3 2 4 7 1 5 12 6
3970 2 3 1 4 6 9 0 14
3971 4 5 6 7 11
3973 7 2 1 9
3974 2 5 1 7
3975 2 1 8
3976 2 7 4
3977 1 3 14
3978 3 4 6 7
3979 2 3 7
3980 2 4 3 7
3981 1 2 9 18 0
3982 7 6 2
3983 1 9 8 2
3984 2 6 3 5 7
3985 2 6 0 9
3986 3 6 7 2 14
3987 3 7 6 8 4
3988 2 3 5 7 1 0 8 17
3989 7 1 0
3990 3 12 8 14
3991 2 1 3 8 7
3992 2 3 4 5 6 7 14 1
3993 0 6 7
3994 7
3995 2 3 10 16 7
3996 2 3 14
3997 3 5 1
3998 1 7
3999 2 4 8 11 7
4000 9 1
4001 2 3 5 1 0
4002 3 2 4 6 7
4003 7 3 8 2
4004 2 6 3 5 4
4005 3 6 1 9
4006 2 3 7
4007 14 2 7
4008 3 2 1 9
4009 14 7
4010 4 1 2 7
4011 7 3 14
4012 2 8 1 9 3 10 4 7
4013 2 3
4014 2
4015 3 14 2 8 7 4 9 1
4016 14 4 6 3
4017 4 5 18 7 16
4018 1
4019 2 3 0
4020 2 3 4 1 8 14 5 7
4021 3 1 7 2
4022 18 0 8 3 4
4023 3 1 8 7
4024 3 6 2
4025 3 7 14
4026 14 2 7 8 4 1 6 3
4027 14 4 7 3 8
4028 2 4 3 6 7
4029 4 3 6
4030 4 3 6 7 11 2 14 5
4031 2 9 1 3 0 8 7 17
4032 14
4033 2 3 8 7
4034 2
4035 14 3
4036 2 14 6 7
4037 2 6 1
4038 7 14 2
4039 2 3 1 7
4040 2 9 1 3 6 8 7 17
4041 5 8 7 9 11
4042 7 6 4
4043 3 6 4 7 2
4044 2 6 7
4045 1 0 7
4046 7
4047 4
4048 7
4049 3 1 7
4050 6 7 3
4051 3
4052 3 1 0 14 7
4053 6 3 7
4054 3 2 8
4055 3 6 7 14 4 2 5 12
4056 1 13 7
4057 7
4058 2 7 8 4 10 6
4059 2 0 1
4060 6 4 12
4061 6 4 14 3 7 2 8 12
4062 3 1 7
4063 3 2 4 6 7 8
4064 2 4 3 0 8 7 5 6
4065 6 8 4 3 7
4066 7 4 1 3
4067 3 4 2 8
4068 2 1 7
4069 7 3 4
4070 9 3 15 7
4071 3 8
4072 3 4 8 9 7 6 14 1
4073 12 7 1 4 3 6 0 8
4074 2 8 16 7
4075 2 1 7 8 10
4076 2 3 8
4077 3 2 5 4 6 9 8 7
4078 2 1 3 8
4079 2 4 6 7
4080 16 7 1
4081 7
4082 6 7 4
4083 2 1 9
4084 2 4 8 7
4085 10 3
4086 6 7 4 9 3
4087 7
4088 2 1 3 8 7 9 4 0
4089 8 3 7 2
4090 4 3 2 8 14 7
4091 4 3 1 7
4092 2 3 8 9 4 6 7 0
4093 8 3 7
4094 2 5 7
4095 3 9 1 7
4096 2 9 4 0
4097 3 2 1 7
4098 6 7 4 3
4099 6 10 7
4100 5 6 7 3
4101 2 5 3 8 9 7 0 10
4102 7
4103 3 2 1
4104 2 3 14
4105 2 4 3 6 8 7 12 11
4106 9 3 1 2
4107 2 8 7
4108 2 1 7
4109 14 7
4110 12 2 7
4111 3 4 6 8 7
4112 2 4 3 0 10 9 12 7
4113 2 9 4 8 3 7 12 6
4114 9 2 6 7
4115 9 3 1 6 7
4116 3 6 7 4 8 2 9 11
4117 2 8
4118 2 4 3 6 8 7
4119 2 1 3 0 8 7
4120 2 4 3 0 7
4121 2 1 10
4122 2 5 7
4123 3 10 2 1 7
4124 2 3 1 8 6 7 4 14
4125 3 2 9
4126 1
4127 1 3 2
4128 2 1 9
4129 6 3 4 7
4130 2 3 7
4131 2 3 4 1 5 8 6 7
4132 2 4 7
4133 2 1 3 8 7
4134 8
4135 3 4 9 2 1 6 7 10
4136 2 1 3
4137 10 1 3 4
4138 2 1 10
4139 9 1 3
4140 2 9 1 3 10 8 5 17
4141 2 4 3 9 0 5
4142 9 1 10
4143 2 4 12 7
4144 4
4145 2 3 1 7
4146 2 3 8 7
4147 3
4148 9 8 6
4149 5 7
4150 7
4151 3 2 1 4
4152 2 8 10 1
4153 3 2 10 4 1 9
4154 2 1 3 7
4155 4 7
4156 2 3 8 7 4
4157 7 1 3 9 4 2 8 10
4158 7 5 3
4159 1 2
4160 2 1 3 0 10 9 4 7
4161 3 2 1 8
4162 17 12 7
4163 2 1 8 7
4164 2 1 7
4165 2 1 3 9 4 8 5 7
4166 6 4 8 7
4167 3 2 1 7
4168 2
4169 2 0 18 10
4170 5 8 4 9 1 0 3 10
4171 2 3 4 7
4172 6 8 4 9 0 14 3 10
4173 2 3 7
4174 9 1 3 0
4175 2 9 1 10
4176 2 3 4 1 6 7 8 12
4177 2 7 4 8
4178 4 5 9 1 3 8 7 6
4179 3 1 9
4180 3 1 8 7
4181 10 2 7
4182 2 3 8 7
4183 7
4184 3 2 7
4185 5 8 4 0 2
4186 2 3 14
4187 5 3 14 4
4188 4 17
4189 2 3 9 5 6
4190 18 3 14 7
4191 2 4 3 6 14 7 5 11
4192 5 10 2
4193 2 3
4194 7 9 15
4195 3 4 6
4196 3 5 7 6
4197 2 3 1
4198 1 3 8
4199 2 3 8 4 1 5 6 7
4200 2 3 1
4201 1 2 10 3
4202 1 8 2
4203 2 3 1 8 7
4204 2 1 8 7
4205 3 14 7
4206 3 4 2 1
4207 3 14 7 8 2 5 6 1
4208 1 3
4209 1 2
4210 2 9 1 3 8 14 7
4211 2 9 3 4 1 8 6 7
4212 9 3 1
4213 7
4214 5 3 1
4215 3 2 7 6
4216 6 4 3 8 9 2 7 14
4217 2 5 3 8
4218 2 3 8
4219 3 2 8 7
4220 2 1 3 0 7
4221 7
4222 2 5 3 9
4223 2 3 14 8 7
4224 5 4 1 9 2 3 7 0
4225 9 1 6 3
4226 7 13
4227 3 2 8 0 7
4228 4 3 1 9 5
4229 14 1
4230 2 3 1 10 4 9 8 7
4231 2 1 3 9 8
4232 2 1 5 3
4233 2 0 5 3 1
4234 1 4 3
4235 3 4 9 8 6 7 14 12
4236 1 0 5
4237 8 7
4238 2 3 4 1 8 5 7 6
4239 3 1
4240 3 1 8
4241 7 4 17 3 8
4242 2 3 1
4243 1 3 7
4244 5 2
4245 5 4 6 7 13 3
4246 2 9 1 3 4 7 17 8
4247 7
4248 2 3 7
4249 3 5 9 8 7
4250 2 3 14 7
4251 7 1 8 2
4252 2 5 3 1 4 8 7 9
4253 2 5 3 1 4 8 7 14
4254 2 1 6
4255 1 8 9
4256 2 0 7
4257 2 9 7 1
4258 2 1 4 3 7
4259 2 5 1 9 4 10 3 7
4260 7
4261 2 3 5 6 8 4 14 7
4262 2 3 8 4 9 7
4263 1 3 4 9
4264 3 1 9 4 2
4265 2 7
4266 2 3 4 5 1 7
4267 2 10 1 0 9 8 3 7
4268 5 3 2 4 9 1 10 7
4269 9 3
4270 5 1 9 2 4 8
4271 8 6 7
4272 2 9 1 0 8 18 5 7
4273 2 3 5
4274 8 9 1 3 4 2 14 7
4275 2 1
4276 2 3 6 7
4277 2 8
4278 3 1 4 2 5 10 9 7
4279 3 4 2
4280 5 9
4281 2 4 12 7
4282 2 9 1 3 0 14 5 7
4283 2
4284 7 8 5
4285 3 1
4286 5 2 1 3 4 0 10 6
4287 7
4288 5 0 1
4289 2 6 5 7
4290 2 3
4291 3 9 1 8 2
4292 2 10 7
4293 6
4294 2 0 5
4295 6 8 4 3 2 7 0 12
4296 3 7 8
